       0    1.00000   -0.25491    0.74509    2.03620e-02
     100    1.51682   -0.27156    1.24526    5.95806e-02
     200    1.57090   -0.33102    1.23987    5.14552e-02
     300    1.62302   -0.42113    1.20189    6.53599e-02
     400    1.61403   -0.49768    1.11636    9.83581e-02
     500    1.67634   -0.61303    1.06332    7.64527e-02
     600    1.61242   -0.66026    0.95216    9.73793e-02
     700    1.55043   -0.69376    0.85667    1.08060e-01
     800    1.53850   -0.72100    0.81750    9.26786e-02
     900    1.57073   -0.77679    0.79394    6.82755e-02
    1000    1.49737   -0.74695    0.75042    1.04235e-01
    1100    1.50924   -0.77299    0.73625    6.62529e-02
    1200    1.52265   -0.74887    0.77377    7.02199e-02
    1300    1.47210   -0.75241    0.71969    7.67915e-02
    1400    1.52278   -0.75798    0.76480    7.03413e-02
    1500    1.54223   -0.79136    0.75087    5.14591e-02
    1600    1.54116   -0.82854    0.71262    6.06609e-02
    1700    1.53431   -0.84298    0.69133    8.59229e-02
    1800    1.54361   -0.85901    0.68460    7.77335e-02
    1900    1.45542   -0.81097    0.64445    1.03889e-01
    2000    1.48456   -0.84864    0.63592    4.94405e-02
    2100    1.51616   -0.81351    0.70265    4.38984e-02
    2200    1.45967   -0.79507    0.66461    3.43229e-02
    2300    1.53025   -0.82036    0.70989    3.30753e-02
    2400    1.51766   -0.84134    0.67632    6.44576e-02
    2500    1.52610   -0.84653    0.67957    1.07593e-01
    2600    1.53845   -0.88526    0.65318    1.01992e-01
    2700    1.50668   -0.89726    0.60942    8.76524e-02
    2800    1.57210   -0.98375    0.58835    3.33955e-02
    2900    1.48174   -0.95111    0.53062    5.60528e-02
    3000    1.47651   -0.91320    0.56331    7.54220e-02
    3100    1.50420   -0.95509    0.54910    6.35297e-02
    3200    1.56470   -1.03500    0.52971    1.44484e-02
    3300    1.50477   -0.95008    0.55469    8.15004e-02
    3400    1.49897   -0.92921    0.56976    7.99720e-02
    3500    1.42168   -0.88305    0.53863    9.60912e-02
    3600    1.52075   -0.93318    0.58756    5.85632e-02
    3700    1.46650   -0.91334    0.55317    7.73248e-02
    3800    1.49106   -0.91623    0.57483    6.01922e-02
    3900    1.50721   -0.91919    0.58802    5.23199e-02
    4000    1.50085   -0.92269    0.57816    4.68366e-02
    4100    1.53158   -0.96136    0.57023    3.40133e-02
    4200    1.51917   -0.97281    0.54636    5.21349e-02
    4300    1.54994   -1.00398    0.54596    5.11865e-02
    4400    1.54382   -1.02516    0.51866    6.44363e-02
    4500    1.56420   -1.08793    0.47628    5.57074e-02
    4600    1.57500   -1.09673    0.47827    8.63899e-02
    4700    1.53399   -1.12046    0.41353    1.03147e-01
    4800    1.51545   -1.11943    0.39602    6.97759e-02
    4900    1.50268   -1.11074    0.39194    3.54201e-02
    5000    1.44544   -1.09014    0.35530    4.25234e-02
    5100    1.48552   -1.06445    0.42107    7.23442e-02
    5200    1.50839   -1.07492    0.43347    5.91893e-02
    5300    1.49086   -1.06416    0.42670    4.89207e-02
    5400    1.46214   -1.05500    0.40714    4.43216e-02
    5500    1.47216   -1.02891    0.44325    3.81617e-02
    5600    1.46668   -0.99801    0.46866    2.40490e-02
    5700    1.49080   -1.00678    0.48402    1.21041e-02
    5800    1.43575   -0.93534    0.50041    9.80022e-02
    5900    1.49793   -0.96104    0.53689    9.63649e-02
    6000    1.57752   -1.03814    0.53939    5.39252e-02
    6100    1.48365   -1.00212    0.48152    1.09604e-01
    6200    1.53381   -1.06789    0.46592    4.98813e-02
    6300    1.55765   -1.07511    0.48253    1.72108e-02
    6400    1.44815   -1.00752    0.44063    4.61856e-02
    6500    1.43838   -0.97153    0.46685    4.44616e-02
    6600    1.48356   -0.95818    0.52538    3.36912e-02
    6700    1.47212   -0.94315    0.52897    3.44082e-02
    6800    1.55267   -0.99331    0.55936    1.38024e-02
    6900    1.49068   -0.95263    0.53805    8.17687e-02
    7000    1.53070   -1.00831    0.52240    5.55205e-02
    7100    1.53217   -1.00594    0.52622    4.95615e-02
    7200    1.55804   -1.05936    0.49868    2.63759e-02
    7300    1.50797   -1.05877    0.44920    6.16313e-02
    7400    1.53239   -1.07427    0.45811    7.08822e-02
    7500    1.52898   -1.08845    0.44054    6.19466e-02
    7600    1.49318   -1.06493    0.42824    7.93379e-02
    7700    1.54876   -1.13705    0.41171    2.90794e-02
    7800    1.52070   -1.13159    0.38911    2.66233e-02
    7900    1.48526   -1.09350    0.39176    6.83980e-02
    8000    1.44402   -1.07765    0.36638    8.62612e-02
    8100    1.53227   -1.13575    0.39652    4.93163e-02
    8200    1.51578   -1.13658    0.37920    4.32644e-02
    8300    1.45112   -1.05024    0.40088    8.51784e-02
    8400    1.49164   -1.09317    0.39847    2.67540e-02
    8500    1.47846   -1.07238    0.40608    3.80901e-02
    8600    1.52144   -1.09544    0.42601    3.37515e-02
    8700    1.51282   -1.08875    0.42407    5.85073e-02
    8800    1.55386   -1.17672    0.37714    2.99981e-02
    8900    1.50664   -1.13654    0.37010    9.69982e-02
    9000    1.53226   -1.14138    0.39088    9.55663e-02
    9100    1.50273   -1.16497    0.33777    6.31137e-02
    9200    1.50111   -1.17095    0.33016    4.04004e-02
    9300    1.55610   -1.19108    0.36501    2.88657e-02
    9400    1.47436   -1.14700    0.32736    8.76582e-02
    9500    1.55503   -1.21701    0.33801    5.13495e-02
    9600    1.46185   -1.13934    0.32251    9.69224e-02
    9700    1.48649   -1.17537    0.31112    8.24885e-02
    9800    1.53600   -1.19942    0.33658    7.44585e-02
    9900    1.50058   -1.18724    0.31334    6.75124e-02
   10000    1.46497   -1.16142    0.30356    6.64370e-02
   10100    1.48826   -1.17225    0.31601    3.66970e-02
   10200    1.47516   -1.09266    0.38250    6.57454e-02
   10300    1.46091   -1.09172    0.36919    2.47675e-02
   10400    1.47877   -1.05709    0.42168    1.78235e-02
   10500    1.44676   -1.02880    0.41796    2.74555e-02
   10600    1.46800   -1.00312    0.46489    5.12960e-02
   10700    1.52145   -1.02917    0.49227    4.08352e-02
   10800    1.53443   -1.05362    0.48080    3.68298e-02
   10900    1.58053   -1.13227    0.44826    2.99190e-02
   11000    1.51011   -1.10888    0.40124    1.02992e-01
   11100    1.54754   -1.14706    0.40047    9.54832e-02
   11200    1.57623   -1.20020    0.37603    4.17268e-02
   11300    1.45470   -1.14751    0.30719    8.58729e-02
   11400    1.52458   -1.20725    0.31733    4.18536e-02
   11500    1.47541   -1.14050    0.33491    7.76392e-02
   11600    1.55591   -1.20043    0.35548    3.88646e-02
   11700    1.52879   -1.20941    0.31938    4.95081e-02
   11800    1.55298   -1.25934    0.29364    3.94903e-02
   11900    1.49008   -1.22428    0.26579    7.04951e-02
   12000    1.42979   -1.19676    0.23302    7.21822e-02
   12100    1.48255   -1.21316    0.26940    3.82214e-02
   12200    1.48095   -1.16518    0.31577    5.40808e-02
   12300    1.46911   -1.15925    0.30986    5.86302e-02
   12400    1.49369   -1.15641    0.33729    5.57158e-02
   12500    1.40833   -1.06687    0.34146    1.07928e-01
   12600    1.41335   -1.05467    0.35868    9.84916e-02
   12700    1.55650   -1.14684    0.40965    1.86022e-02
   12800    1.43551   -1.04771    0.38779    8.47695e-02
   12900    1.54336   -1.14881    0.39456    3.55929e-02
   13000    1.48493   -1.10036    0.38456    8.59199e-02
   13100    1.53610   -1.14816    0.38795    6.43170e-02
   13200    1.54724   -1.18458    0.36266    3.96534e-02
   13300    1.46062   -1.13718    0.32344    7.57551e-02
   13400    1.49585   -1.16789    0.32795    3.74058e-02
   13500    1.51767   -1.16175    0.35592    2.13741e-02
   13600    1.49806   -1.16754    0.33052    2.75945e-02
   13700    1.54170   -1.19851    0.34319    3.19460e-02
   13800    1.52412   -1.20146    0.32266    8.00709e-02
   13900    1.46034   -1.19482    0.26552    9.10987e-02
   14000    1.49991   -1.19601    0.30390    3.28575e-02
   14100    1.47325   -1.14937    0.32388    3.40447e-02
   14200    1.48850   -1.19033    0.29818    3.15775e-02
   14300    1.48961   -1.16482    0.32480    6.14257e-02
   14400    1.50187   -1.16456    0.33730    5.13264e-02
   14500    1.50498   -1.18235    0.32262    1.84896e-02
   14600    1.46012   -1.11603    0.34409    5.00958e-02
   14700    1.48830   -1.14203    0.34626    2.96433e-02
   14800    1.52073   -1.16763    0.35310    3.02730e-02
   14900    1.52754   -1.17284    0.35470    4.78585e-02
   15000    1.56868   -1.20370    0.36498    3.33478e-02
   15100    1.52337   -1.20142    0.32195    5.13983e-02
   15200    1.50844   -1.21423    0.29421    4.73411e-02
   15300    1.50398   -1.20359    0.30039    5.71807e-02
   15400    1.48161   -1.20062    0.28099    5.24402e-02
   15500    1.50304   -1.20315    0.29989    6.35060e-02
   15600    1.50386   -1.20171    0.30215    6.50966e-02
   15700    1.54518   -1.21930    0.32588    4.52985e-02
   15800    1.51313   -1.22200    0.29113    6.13725e-02
   15900    1.52259   -1.24426    0.27834    5.95713e-02
   16000    1.46205   -1.18591    0.27614    1.12093e-01
   16100    1.46907   -1.21429    0.25479    6.89111e-02
   16200    1.54720   -1.25874    0.28846    1.38263e-02
   16300    1.45749   -1.17638    0.28111    7.26559e-02
   16400    1.48668   -1.21186    0.27482    5.30260e-02
   16500    1.54981   -1.27796    0.27185    1.19666e-03
   16600    1.48406   -1.22429    0.25977    6.92818e-02
   16700    1.51466   -1.28814    0.22652    8.04508e-02
   16800    1.52591   -1.28696    0.23896    8.98476e-02
   16900    1.49659   -1.28033    0.21627    9.21423e-02
   17000    1.47531   -1.28512    0.19019    4.29067e-02
   17100    1.47652   -1.23123    0.24529    6.04761e-02
   17200    1.42893   -1.21327    0.21567    6.15033e-02
   17300    1.48846   -1.22891    0.25955    2.34416e-02
   17400    1.46786   -1.20068    0.26718    1.40265e-02
   17500    1.48622   -1.20408    0.28215    4.07281e-03
   17600    1.49190   -1.17630    0.31560    4.63654e-02
   17700    1.56488   -1.27248    0.29240    3.16394e-02
   17800    1.50941   -1.25068    0.25873    1.03340e-01
   17900    1.56844   -1.31133    0.25711    6.50428e-02
   18000    1.50403   -1.28334    0.22069    5.66346e-02
   18100    1.51007   -1.29298    0.21710    2.00337e-02
   18200    1.47895   -1.26323    0.21572    1.94461e-02
   18300    1.50061   -1.28468    0.21593    2.97929e-02
   18400    1.43590   -1.22928    0.20663    8.40540e-02
   18500    1.51131   -1.20922    0.30209    7.13718e-02
   18600    1.55396   -1.30685    0.24712   -3.58213e-03
   18700    1.46841   -1.23542    0.23299    6.91972e-02
   18800    1.53009   -1.28790    0.24218    3.90214e-02
   18900    1.62381   -1.36769    0.25611    2.31355e-02
   19000    1.45481   -1.28990    0.16491    1.38197e-01
   19100    1.53847   -1.36526    0.17321    7.55409e-02
   19200    1.51298   -1.34656    0.16642    3.08252e-02
   19300    1.45423   -1.32018    0.13406    2.95487e-02
   19400    1.48071   -1.32096    0.15975    2.31672e-02
   19500    1.49367   -1.31015    0.18352    3.93663e-02
   19600    1.48642   -1.28182    0.20460    5.27886e-02
   19700    1.45039   -1.25633    0.19406    4.68693e-02
   19800    1.50034   -1.29143    0.20891    2.38406e-02
   19900    1.47480   -1.24975    0.22505    8.08173e-02
   20000    1.56165   -1.31680    0.24485    3.03404e-02
   20100    1.43348   -1.24134    0.19214    8.95388e-02
   20200    1.44052   -1.24221    0.19830    7.70502e-02
   20300    1.57640   -1.31295    0.26345    1.07556e-02
   20400    1.42453   -1.21461    0.20993    9.71231e-02
   20500    1.52451   -1.27752    0.24699    5.14798e-02
   20600    1.51649   -1.26327    0.25322    5.62606e-02
   20700    1.50551   -1.27432    0.23119    5.80684e-02
   20800    1.53817   -1.29938    0.23879    4.43175e-02
   20900    1.50018   -1.29718    0.20300    4.38406e-02
   21000    1.47162   -1.25051    0.22111    8.12552e-02
   21100    1.50414   -1.28007    0.22408    4.29920e-02
   21200    1.46322   -1.22428    0.23894    5.72430e-02
   21300    1.46509   -1.20594    0.25915    4.81247e-02
   21400    1.49724   -1.20830    0.28893    3.49475e-02
   21500    1.41637   -1.13792    0.27845    8.36702e-02
   21600    1.49513   -1.17166    0.32347    6.17432e-02
   21700    1.55028   -1.20674    0.34354    3.88241e-02
   21800    1.49298   -1.18661    0.30636    8.49566e-02
   21900    1.46472   -1.16986    0.29486    1.03892e-01
   22000    1.52874   -1.18801    0.34073    6.26290e-02
   22100    1.54680   -1.24836    0.29845    1.56716e-03
   22200    1.44367   -1.18108    0.26259    8.18873e-02
   22300    1.49189   -1.19479    0.29710    7.83573e-02
   22400    1.49464   -1.16556    0.32908    9.59873e-02
   22500    1.52560   -1.20802    0.31758    5.22514e-02
   22600    1.50764   -1.18086    0.32678    4.63153e-02
   22700    1.47947   -1.16598    0.31348    4.40334e-02
   22800    1.50886   -1.17512    0.33374    4.88247e-02
   22900    1.47562   -1.15169    0.32393    6.24691e-02
   23000    1.48954   -1.13436    0.35518    3.84705e-02
   23100    1.46478   -1.11321    0.35156    2.48126e-02
   23200    1.49496   -1.11643    0.37853    1.84814e-02
   23300    1.48906   -1.10648    0.38258    4.84971e-02
   23400    1.44939   -1.08236    0.36703    8.00207e-02
   23500    1.47568   -1.06626    0.40942    6.19267e-02
   23600    1.51596   -1.10565    0.41031   -1.64716e-03
   23700    1.44864   -1.04203    0.40662    4.54554e-02
   23800    1.47327   -1.04918    0.42409    5.48661e-02
   23900    1.51699   -1.06643    0.45056    5.46975e-02
   24000    1.49057   -1.07254    0.41804    5.95690e-02
   24100    1.53985   -1.10785    0.43200    6.04505e-02
   24200    1.54483   -1.13702    0.40781    7.71289e-02
   24300    1.48909   -1.10718    0.38190    9.79768e-02
   24400    1.53477   -1.14109    0.39368    3.32156e-02
   24500    1.51649   -1.15409    0.36241    6.08755e-03
   24600    1.52258   -1.17045    0.35212    2.13018e-02
   24700    1.51054   -1.16945    0.34109    4.75606e-02
   24800    1.53393   -1.18633    0.34760    3.52591e-02
   24900    1.51929   -1.19085    0.32844    5.44997e-02
   25000    1.51044   -1.21540    0.29504    6.82670e-02
   25100    1.48275   -1.17992    0.30283    1.04723e-01
   25200    1.54710   -1.22922    0.31788    5.90285e-02
   25300    1.50869   -1.18377    0.32492    5.53814e-02
   25400    1.46489   -1.15387    0.31103    4.18350e-02
   25500    1.43370   -1.10127    0.33243    5.49120e-02
   25600    1.46014   -1.09196    0.36818    6.15602e-02
   25700    1.48685   -1.09011    0.39674    7.82100e-02
   25800    1.59263   -1.18154    0.41109    4.22630e-02
   25900    1.55658   -1.20981    0.34677    5.41002e-02
   26000    1.46880   -1.12607    0.34273    1.54081e-01
   26100    1.55645   -1.25339    0.30306    6.01016e-02
   26200    1.47964   -1.18950    0.29014    9.32331e-02
   26300    1.49091   -1.20753    0.28338    6.16755e-02
   26400    1.54072   -1.22098    0.31974    2.21110e-02
   26500    1.48748   -1.18703    0.30045    4.58371e-02
   26600    1.46694   -1.17844    0.28850    5.61947e-02
   26700    1.46647   -1.16459    0.30188    7.99423e-02
   26800    1.50901   -1.19774    0.31127    4.82190e-02
   26900    1.51414   -1.19074    0.32340    3.58071e-02
   27000    1.48374   -1.16373    0.32002    6.14922e-02
   27100    1.55433   -1.23733    0.31701    5.06209e-02
   27200    1.52648   -1.22183    0.30465    8.80181e-02
   27300    1.47121   -1.21319    0.25802    1.16046e-01
   27400    1.54283   -1.28609    0.25674    6.23082e-02
   27500    1.46745   -1.23628    0.23118    6.64385e-02
   27600    1.48130   -1.20805    0.27325    4.40300e-02
   27700    1.47955   -1.20570    0.27385    1.92127e-02
   27800    1.47889   -1.16187    0.31702    4.83127e-02
   27900    1.45413   -1.13092    0.32321    6.94189e-02
   28000    1.53849   -1.18399    0.35450    2.56584e-02
   28100    1.53588   -1.18266    0.35322    3.26759e-02
   28200    1.51972   -1.19539    0.32432    3.84337e-02
   28300    1.47881   -1.18595    0.29286    5.94646e-02
   28400    1.55499   -1.24163    0.31336    4.23261e-02
   28500    1.49304   -1.20284    0.29020    6.43290e-02
   28600    1.48351   -1.19449    0.28903    5.68984e-02
   28700    1.50138   -1.20460    0.29678    5.61545e-02
   28800    1.49123   -1.17288    0.31835    5.63547e-02
   28900    1.40050   -1.10762    0.29289    9.01499e-02
   29000    1.52298   -1.19438    0.32860    3.07301e-02
   29100    1.52803   -1.19335    0.33469    7.44359e-02
   29200    1.47455   -1.19061    0.28393    1.20505e-01
   29300    1.59802   -1.27701    0.32101    6.52838e-02
   29400    1.48613   -1.24431    0.24182    6.52682e-02
   29500    1.48103   -1.21514    0.26589    5.82868e-02
   29600    1.47823   -1.21597    0.26226    3.57657e-02
   29700    1.45993   -1.14639    0.31354    7.15216e-02
   29800    1.46500   -1.16661    0.29839    3.05483e-02
   29900    1.54751   -1.22075    0.32676    3.73454e-04
   30000    1.52656   -1.21253    0.31403    5.41680e-02
   30100    1.52037   -1.22957    0.29080    8.20199e-02
   30200    1.58903   -1.29691    0.29212    5.11640e-02
   30300    1.50682   -1.26111    0.24571    6.81192e-02
   30400    1.51280   -1.26493    0.24787    5.10037e-02
   30500    1.44242   -1.23313    0.20929    7.90383e-02
   30600    1.55340   -1.33724    0.21616    1.55020e-02
   30700    1.51127   -1.29838    0.21289    3.85331e-02
   30800    1.47930   -1.24952    0.22978    7.05249e-02
   30900    1.49916   -1.30621    0.19295    3.31672e-02
   31000    1.53695   -1.31143    0.22552    4.26162e-02
   31100    1.45679   -1.28358    0.17321    6.91252e-02
   31200    1.52723   -1.33093    0.19630    4.70149e-02
   31300    1.56339   -1.38861    0.17478    1.02016e-02
   31400    1.52957   -1.39293    0.13664    3.95992e-02
   31500    1.52609   -1.41861    0.10747    6.44210e-02
   31600    1.48268   -1.40078    0.08190    7.29501e-02
   31700    1.50817   -1.37352    0.13465    7.33440e-02
   31800    1.49531   -1.39223    0.10308    3.10286e-02
   31900    1.50285   -1.40701    0.09584   -3.07610e-03
   32000    1.49203   -1.37435    0.11769    1.08011e-02
   32100    1.51148   -1.37296    0.13852    3.01239e-02
   32200    1.51708   -1.42224    0.09484    3.24857e-02
   32300    1.58939   -1.47817    0.11122    2.61887e-02
   32400    1.54120   -1.46575    0.07545    4.61563e-02
   32500    1.49583   -1.43793    0.05790    6.86073e-02
   32600    1.47005   -1.43413    0.03593    4.19717e-02
   32700    1.57283   -1.48950    0.08333   -3.20262e-02
   32800    1.46328   -1.44256    0.02072    9.54622e-03
   32900    1.47302   -1.41488    0.05814    4.26408e-02
   33000    1.53176   -1.43077    0.10099    3.70220e-02
   33100    1.48231   -1.41675    0.06555    3.36898e-02
   33200    1.58295   -1.49256    0.09039    1.57661e-03
   33300    1.52027   -1.48761    0.03266    3.59463e-02
   33400    1.50722   -1.45799    0.04923    6.28559e-02
   33500    1.53432   -1.51906    0.01526    2.52301e-02
   33600    1.43890   -1.44702   -0.00812    7.97825e-02
   33700    1.52730   -1.48061    0.04669    3.84012e-02
   33800    1.50047   -1.47960    0.02088    4.80429e-02
   33900    1.45822   -1.43586    0.02237    6.92970e-02
   34000    1.52350   -1.46761    0.05590    1.92963e-02
   34100    1.52222   -1.46391    0.05831    1.06555e-02
   34200    1.48743   -1.44617    0.04126    4.19994e-02
   34300    1.37163   -1.33412    0.03751    9.32320e-02
   34400    1.57820   -1.43505    0.14315   -4.38791e-04
   34500    1.44403   -1.35142    0.09261    6.28091e-02
   34600    1.48125   -1.38586    0.09539    3.55786e-02
   34700    1.54953   -1.41741    0.13212    2.25548e-02
   34800    1.56410   -1.45191    0.11219    4.18077e-02
   34900    1.53098   -1.46919    0.06180    4.89952e-02
   35000    1.46257   -1.42947    0.03311    7.74783e-02
   35100    1.50934   -1.47501    0.03433    3.41334e-02
   35200    1.49621   -1.46180    0.03441    1.89944e-02
   35300    1.43426   -1.37534    0.05892    4.46292e-02
   35400    1.55225   -1.44760    0.10465   -1.17723e-02
   35500    1.41920   -1.35422    0.06498    4.78927e-02
   35600    1.51442   -1.39351    0.12090    7.00334e-03
   35700    1.48727   -1.37225    0.11502    3.20677e-02
   35800    1.49015   -1.38719    0.10296    6.13737e-02
   35900    1.51641   -1.36805    0.14836    8.35135e-02
   36000    1.52332   -1.39618    0.12714    6.41128e-02
   36100    1.49257   -1.37533    0.11725    6.20388e-02
   36200    1.45543   -1.33518    0.12024    5.96167e-02
   36300    1.41697   -1.27964    0.13733    4.61075e-02
   36400    1.47294   -1.26366    0.20927    6.49322e-03
   36500    1.45802   -1.23884    0.21918    1.92285e-02
   36600    1.44326   -1.18525    0.25801    7.24008e-02
   36700    1.50832   -1.20815    0.30018    6.47204e-02
   36800    1.49093   -1.20801    0.28292    4.74980e-02
   36900    1.48337   -1.18383    0.29953    3.50118e-02
   37000    1.47798   -1.16906    0.30891    2.49550e-02
   37100    1.51473   -1.18001    0.33472    1.31811e-02
   37200    1.45845   -1.12395    0.33451    8.42209e-02
   37300    1.48540   -1.16221    0.32319    7.35767e-02
   37400    1.55047   -1.18915    0.36131    5.97209e-02
   37500    1.48063   -1.16307    0.31756    4.94567e-02
   37600    1.47591   -1.14134    0.33457    4.29498e-02
   37700    1.44400   -1.08870    0.35530    6.25792e-02
   37800    1.46498   -1.06593    0.39904    5.69668e-02
   37900    1.52320   -1.12699    0.39621    2.15052e-02
   38000    1.45157   -1.06088    0.39069    8.56438e-02
   38100    1.56863   -1.15379    0.41484    2.91814e-02
   38200    1.47610   -1.11353    0.36257    7.21717e-02
   38300    1.53684   -1.18282    0.35401    2.15420e-02
   38400    1.54203   -1.19318    0.34885    2.25345e-02
   38500    1.48842   -1.18171    0.30671    4.55051e-02
   38600    1.53023   -1.20114    0.32909    2.15647e-02
   38700    1.45977   -1.14348    0.31629    3.34289e-02
   38800    1.47304   -1.14015    0.33290    1.72829e-02
   38900    1.44532   -1.10369    0.34163    3.49084e-02
   39000    1.49461   -1.12286    0.37175    3.17538e-02
   39100    1.49088   -1.09524    0.39564    6.77951e-02
   39200    1.53608   -1.15504    0.38104    3.26353e-02
   39300    1.51611   -1.14345    0.37267    5.03481e-02
   39400    1.55392   -1.19910    0.35481    2.76657e-02
   39500    1.53037   -1.20713    0.32324    4.35441e-02
   39600    1.60068   -1.29225    0.30842    2.70124e-02
   39700    1.54371   -1.30555    0.23815    7.58507e-02
   39800    1.53825   -1.29568    0.24257    9.10451e-02
   39900    1.50344   -1.24072    0.26273    9.49786e-02
   40000    1.51079   -1.30281    0.20798    1.37155e-02
   40100    1.48018   -1.26185    0.21832    2.91596e-02
   40200    1.45528   -1.23585    0.21942    3.24101e-02
   40300    1.48516   -1.21469    0.27047    1.28717e-02
   40400    1.50365   -1.22441    0.27924   -4.42319e-03
   40500    1.52488   -1.23278    0.29210    3.67323e-02
   40600    1.52357   -1.22831    0.29526    9.00130e-02
   40700    1.57896   -1.29781    0.28115    4.76545e-02
   40800    1.48772   -1.24926    0.23846    7.05389e-02
   40900    1.48981   -1.25659    0.23321    4.63335e-02
   41000    1.46025   -1.20133    0.25892    5.82282e-02
   41100    1.45141   -1.14241    0.30900    6.84799e-02
   41200    1.48980   -1.16732    0.32248    9.84323e-03
   41300    1.47636   -1.12492    0.35144    2.84207e-02
   41400    1.48254   -1.13917    0.34337    5.15845e-02
   41500    1.51441   -1.14716    0.36725    6.43827e-02
   41600    1.59583   -1.20095    0.39488    2.44521e-02
   41700    1.49907   -1.16947    0.32960    6.02275e-02
   41800    1.46604   -1.15816    0.30788    6.48546e-02
   41900    1.56377   -1.22363    0.34015    3.10894e-02
   42000    1.45391   -1.15924    0.29467    1.01005e-01
   42100    1.54986   -1.25049    0.29937    1.48536e-02
   42200    1.53530   -1.22941    0.30588    1.66246e-02
   42300    1.41367   -1.15551    0.25815    6.70040e-02
   42400    1.46495   -1.15665    0.30830    5.34887e-02
   42500    1.53409   -1.16668    0.36740    2.23768e-02
   42600    1.50918   -1.19101    0.31817    7.79660e-03
   42700    1.50622   -1.14871    0.35751    8.95816e-02
   42800    1.50738   -1.18473    0.32265    9.10214e-02
   42900    1.54318   -1.19020    0.35299    5.55885e-02
   43000    1.47188   -1.15844    0.31344    4.72161e-02
   43100    1.49395   -1.17086    0.32309    3.64955e-02
   43200    1.47013   -1.10842    0.36170    6.45128e-02
   43300    1.54424   -1.16112    0.38312    3.85393e-02
   43400    1.50476   -1.13713    0.36763    8.93292e-02
   43500    1.47582   -1.12826    0.34755    9.14418e-02
   43600    1.54109   -1.15248    0.38860    5.26471e-02
   43700    1.49364   -1.11737    0.37627    7.47072e-02
   43800    1.53815   -1.17333    0.36482    3.62743e-02
   43900    1.54647   -1.16878    0.37769    4.32044e-02
   44000    1.54622   -1.21098    0.33524    4.90936e-02
   44100    1.53488   -1.22704    0.30784    9.52823e-02
   44200    1.54185   -1.24821    0.29363    8.80183e-02
   44300    1.47401   -1.18087    0.29314    8.82328e-02
   44400    1.47873   -1.19844    0.28029    2.17018e-02
   44500    1.50631   -1.19909    0.30723   -6.32172e-03
   44600    1.45135   -1.14515    0.30620    3.31929e-02
   44700    1.51639   -1.15721    0.35918    4.80303e-02
   44800    1.55787   -1.17978    0.37809    7.41945e-02
   44900    1.50522   -1.20376    0.30146    8.97627e-02
   45000    1.60176   -1.28707    0.31469    5.45937e-02
   45100    1.50082   -1.25099    0.24984    8.42916e-02
   45200    1.48953   -1.23314    0.25639    7.96030e-02
   45300    1.47295   -1.21883    0.25413    6.20981e-02
   45400    1.47035   -1.22009    0.25026    3.59820e-02
   45500    1.49538   -1.22561    0.26977    4.71547e-02
   45600    1.47671   -1.21341    0.26331    6.81621e-02
   45700    1.48648   -1.20217    0.28431    6.46357e-02
   45800    1.50003   -1.22130    0.27873    3.12089e-02
   45900    1.51185   -1.21447    0.29738    2.09449e-02
   46000    1.45174   -1.17128    0.28046    4.48644e-02
   46100    1.48853   -1.19237    0.29615    4.77567e-02
   46200    1.52083   -1.20844    0.31239    4.93675e-02
   46300    1.47603   -1.16542    0.31061    7.55008e-02
   46400    1.49662   -1.18620    0.31042    4.81175e-02
   46500    1.51543   -1.18940    0.32604    5.63573e-02
   46600    1.49205   -1.18363    0.30842    5.57148e-02
   46700    1.46789   -1.15064    0.31725    6.54093e-02
   46800    1.46734   -1.15238    0.31496    3.30827e-02
   46900    1.47290   -1.10663    0.36628    6.12571e-02
   47000    1.45044   -1.09114    0.35931    8.11917e-02
   47100    1.45969   -1.06990    0.38978    8.50156e-02
   47200    1.49059   -1.07977    0.41082    5.28592e-02
   47300    1.42878   -0.99260    0.43618    7.71623e-02
   47400    1.50566   -1.02501    0.48065    2.63584e-02
   47500    1.48769   -1.00890    0.47878    4.02085e-02
   47600    1.49162   -0.97918    0.51244    8.43238e-02
   47700    1.57540   -1.08294    0.49246    3.41063e-02
   47800    1.54518   -1.07415    0.47103    6.71587e-02
   47900    1.47602   -1.04546    0.43056    9.89171e-02
   48000    1.50292   -1.08168    0.42124    6.12773e-02
   48100    1.51972   -1.08167    0.43805    4.26003e-02
   48200    1.47715   -1.02840    0.44875    6.20431e-02
   48300    1.48260   -1.02203    0.46057    4.88730e-02
   48400    1.52508   -1.04824    0.47684    4.47941e-02
   48500    1.48673   -1.04266    0.44407    7.05345e-02
   48600    1.59373   -1.11983    0.47389    4.02702e-02
   48700    1.47892   -1.07419    0.40473    1.06755e-01
   48800    1.57675   -1.19203    0.38471    3.82702e-02
   48900    1.48342   -1.09197    0.39145    9.76118e-02
   49000    1.52281   -1.11318    0.40963    6.98767e-02
   49100    1.53362   -1.16085    0.37277    5.17547e-02
   49200    1.47950   -1.12498    0.35452    8.92204e-02
   49300    1.50214   -1.13118    0.37097    6.45364e-02
   49400    1.46784   -1.09488    0.37296    5.60920e-02
   49500    1.46962   -1.06185    0.40777    4.53640e-02
   49600    1.46312   -1.03409    0.42903    4.26856e-02
   49700    1.44008   -0.99674    0.44334    6.40687e-02
   49800    1.47061   -0.98381    0.48680    6.65831e-02
   49900    1.49536   -0.99641    0.49895    4.20955e-02
   50000    1.46697   -0.92331    0.54366    8.19611e-02
   50100    1.52651   -0.98988    0.53663    3.75100e-02
   50200    1.49900   -0.94500    0.55400    6.72739e-02
   50300    1.50298   -0.97491    0.52806    4.97959e-02
   50400    1.48992   -0.95969    0.53023    6.26630e-02
   50500    1.52750   -0.99213    0.53537    4.64893e-02
   50600    1.50499   -0.98834    0.51665    4.92116e-02
   50700    1.52139   -0.98484    0.53656    4.82752e-02
   50800    1.50973   -0.97871    0.53101    4.89119e-02
   50900    1.51448   -0.99181    0.52267    6.31551e-02
   51000    1.50997   -1.01490    0.49507    5.47669e-02
   51100    1.49160   -0.96622    0.52538    7.90713e-02
   51200    1.46458   -0.96328    0.50130    6.08942e-02
   51300    1.56407   -1.00136    0.56271    5.82147e-03
   51400    1.54038   -1.02146    0.51893    2.63733e-02
   51500    1.46822   -0.97726    0.49096    1.08918e-01
   51600    1.56199   -1.03288    0.52912    6.88287e-02
   51700    1.46102   -1.00429    0.45673    8.42902e-02
   51800    1.47498   -1.01504    0.45995    7.05422e-02
   51900    1.52409   -1.04470    0.47938    2.42553e-02
   52000    1.46964   -0.96279    0.50686    6.38575e-02
   52100    1.49978   -0.99751    0.50227    5.77852e-02
   52200    1.50948   -1.00854    0.50094    7.29244e-02
   52300    1.53494   -1.02995    0.50499    7.52916e-02
   52400    1.54841   -1.08112    0.46729    4.89124e-02
   52500    1.53637   -1.09082    0.44555    6.27934e-02
   52600    1.42384   -1.02920    0.39465    1.13558e-01
   52700    1.54140   -1.11610    0.42530    5.83978e-02
   52800    1.47369   -1.08043    0.39326    9.20924e-02
   52900    1.54903   -1.14516    0.40387    4.31727e-02
   53000    1.51023   -1.12568    0.38455    6.23071e-02
   53100    1.49760   -1.12292    0.37467    7.27886e-02
   53200    1.48339   -1.10759    0.37579    5.47026e-02
   53300    1.45112   -1.07302    0.37810    4.56194e-02
   53400    1.51059   -1.10964    0.40095    9.21040e-03
   53500    1.52643   -1.10625    0.42018    3.14438e-02
   53600    1.49851   -1.11096    0.38756    5.65484e-02
   53700    1.49342   -1.10009    0.39333    7.25847e-02
   53800    1.60757   -1.20684    0.40073    1.17172e-02
   53900    1.48758   -1.16913    0.31845    6.37192e-02
   54000    1.54339   -1.19004    0.35335    4.58227e-02
   54100    1.44916   -1.14358    0.30558    5.73559e-02
   54200    1.48200   -1.14087    0.34113    2.03194e-02
   54300    1.47124   -1.12637    0.34487    1.68574e-02
   54400    1.50270   -1.13998    0.36273    1.96498e-02
   54500    1.51407   -1.13786    0.37620    3.68372e-02
   54600    1.50401   -1.13723    0.36678    3.60870e-02
   54700    1.52585   -1.15346    0.37239    3.64902e-02
   54800    1.48094   -1.12345    0.35749    8.18037e-02
   54900    1.52229   -1.16371    0.35858    7.77274e-02
   55000    1.49712   -1.14810    0.34902    9.12310e-02
   55100    1.54888   -1.21432    0.33456    2.59324e-02
   55200    1.53484   -1.21079    0.32405    1.60268e-02
   55300    1.46966   -1.15231    0.31735    6.48640e-02
   55400    1.46569   -1.16676    0.29893    7.44051e-02
   55500    1.48148   -1.16210    0.31939    8.17832e-02
   55600    1.53361   -1.19681    0.33680    5.99494e-02
   55700    1.53644   -1.22460    0.31184    4.81451e-02
   55800    1.51163   -1.22553    0.28611    7.09526e-02
   55900    1.51536   -1.23844    0.27692    5.88437e-02
   56000    1.48429   -1.21645    0.26784    5.92272e-02
   56100    1.49895   -1.23097    0.26798    2.29347e-02
   56200    1.47190   -1.19416    0.27774    5.15782e-02
   56300    1.55282   -1.26910    0.28372    3.65485e-02
   56400    1.47143   -1.18973    0.28170    1.37404e-01
   56500    1.50302   -1.23320    0.26982    8.54782e-02
   56600    1.48712   -1.20516    0.28196    7.71519e-02
   56700    1.49238   -1.21068    0.28170    3.03577e-02
   56800    1.52856   -1.21968    0.30888   -1.39826e-03
   56900    1.46108   -1.16101    0.30006    5.17610e-02
   57000    1.49048   -1.15880    0.33168    7.70854e-02
   57100    1.50226   -1.17840    0.32385    4.41517e-02
   57200    1.47735   -1.13975    0.33760    3.66463e-02
   57300    1.49689   -1.14849    0.34840    6.57623e-03
   57400    1.49066   -1.12699    0.36368    3.47637e-02
   57500    1.47474   -1.11452    0.36022    7.79199e-02
   57600    1.48233   -1.10953    0.37280    6.87955e-02
   57700    1.49179   -1.06682    0.42497    4.54813e-02
   57800    1.51384   -1.11416    0.39968   -1.51212e-02
   57900    1.45069   -1.02822    0.42248    6.22002e-02
   58000    1.48084   -1.03502    0.44582    5.62177e-02
   58100    1.50938   -1.05611    0.45327    3.59754e-02
   58200    1.50484   -1.05642    0.44842    2.81655e-02
   58300    1.55494   -1.09659    0.45835   -1.18897e-03
   58400    1.51795   -1.09546    0.42249    3.34346e-02
   58500    1.50178   -1.11846    0.38333    4.05086e-02
   58600    1.54684   -1.13983    0.40701    3.27171e-02
   58700    1.48008   -1.10705    0.37303    5.50328e-02
   58800    1.52009   -1.15114    0.36895    5.27602e-02
   58900    1.45551   -1.11333    0.34219    7.72982e-02
   59000    1.53284   -1.12835    0.40448    3.54080e-02
   59100    1.46753   -1.09450    0.37303    3.14480e-02
   59200    1.46583   -1.08617    0.37966    3.66233e-02
   59300    1.52673   -1.12823    0.39850    2.82928e-02
   59400    1.54158   -1.16615    0.37544    2.36786e-02
   59500    1.56903   -1.20739    0.36164    4.08973e-02
   59600    1.52720   -1.22422    0.30298    7.49416e-02
   59700    1.52323   -1.25951    0.26372    5.47721e-02
   59800    1.53170   -1.25745    0.27425    1.68186e-02
   59900    1.49145   -1.24450    0.24695    7.84672e-03
   60000    1.46154   -1.22107    0.24047    5.21105e-02
