   1.691    9.836    6.344
   8.833    2.562    5.720
   3.825    8.143    2.618
   8.827    0.771    3.951
   0.680    1.697    7.840
   2.610    1.349    1.033
   7.469    6.176    4.771
   3.936    8.010    4.097
   8.582    2.006    9.267
   2.518    6.423    7.153
   4.776    4.986    7.635
   5.270    8.455    8.615
   8.188    3.003    2.184
   3.266    9.947    4.398
   5.557    3.750    7.765
   6.602    6.893    4.288
   4.678    6.585    3.709
   9.249    9.574    2.162
   2.109    5.662    8.824
   7.246    2.469    9.589
   9.754    9.993    0.551
   5.766    7.039    8.127
   7.115    7.873    5.127
   5.686    0.290    8.087
   3.731    1.700    7.808
   3.188    8.633    9.748
   9.772    8.360    3.173
   9.018    6.239    4.344
   4.634    9.960    3.721
   8.843    2.788    3.442
   0.651    7.470    3.313
   4.887    6.259    6.851
   8.001    1.128    2.051
   1.064    1.636    9.605
   5.973    2.606    8.271
   4.935    7.474    5.979
   6.308    6.026    4.844
   0.274    4.042    4.972
   5.884    6.103    3.788
   8.772    3.678    1.216
   4.649    9.916    0.221
   0.042    2.636    7.310
   8.620    5.718    6.598
   8.911    3.021    7.120
   6.147    7.349    5.325
   9.819    1.452    1.742
   4.848    8.540    5.449
   2.381    8.530    0.303
   0.579    0.362    9.591
   2.721    7.571    4.418
   9.591    1.786    7.513
   1.571    9.862    7.507
   1.584    3.769    2.810
   9.414    6.743    3.495
   5.965    0.519    3.143
   5.507    8.373    7.406
   8.637    1.221    2.872
   7.848    3.681    3.582
   9.649    3.169    6.231
   4.387    3.145    8.402
   8.813    9.629    9.763
   4.208    9.426    4.737
   2.865    6.403    0.824
   9.522    0.617    7.018
   9.650    4.018    7.571
   5.723    5.574    5.570
   8.163    2.121    7.810
   7.977    2.992    4.366
   6.250    2.627    2.291
   6.710    0.280    8.761
   5.286    6.670    4.574
   2.745    3.915    3.253
   1.554    7.755    1.166
   1.403    6.541    4.313
   6.768    7.019    3.033
   4.103    4.133    2.451
   6.943    9.482    3.076
   6.699    8.305    2.698
   8.590    6.150    3.008
   1.811    0.500    1.426
   5.558    6.612    6.167
   8.486    3.066    8.230
   6.591    3.371    4.216
   0.863    1.684    1.025
   4.986    5.952    8.338
   6.985    1.674    1.285
   2.424    2.907    3.145
   3.129    8.931    5.664
   0.056    7.982    2.209
   6.559    3.456    9.385
   9.583    1.421    8.993
   9.270    7.254    5.531
   6.268    1.682    9.890
   3.839    0.465    6.046
   7.384    2.067    2.356
   9.036    0.711    5.282
   0.809    9.123    4.081
   2.727    3.892    1.460
   3.586    6.249    4.338
   5.868    6.603    2.172
   7.272    7.321    0.628
   5.389    7.550    3.629
   4.937    4.512    8.806
   4.949    8.115    4.441
   3.893    6.195    1.090
   1.421    9.237    1.516
   3.277    2.394    1.405
   2.860    9.489    0.854
   7.447    5.385    2.906
   7.991    7.989    1.983
   8.932    7.475    0.503
   2.390    9.545    8.194
   1.553    0.696    0.164
   3.876    3.362    1.676
   2.935    8.905    3.029
   9.312    9.515    3.513
   2.501    2.523    2.159
   0.342    8.174    5.257
   4.599    0.262    5.253
   8.538    3.148    0.419
   2.243    5.507    2.992
   1.379    3.413    1.006
   2.808    4.847    4.270
   1.927    2.310    9.559
   1.628    2.239    7.576
