   1.101    8.907    3.257
   1.472    7.659    4.504
   1.916    5.067    7.253
   7.590    9.268    8.095
   8.025    2.635    0.835
   1.168    0.731    4.984
   9.907    7.977    5.386
   1.838    4.100    0.353
   8.724    3.425    4.067
   8.295    0.165    8.821
   5.602    4.386    6.201
   0.162    5.412    4.779
   2.181    9.195    2.991
   2.041    3.038    9.587
   0.865    5.393    8.446
   5.584    7.039    1.735
   2.402    8.393    7.240
   5.286    3.702    2.539
   0.906    6.243    2.803
   6.646    8.430    9.722
   3.935    3.104    7.759
   1.057    7.356    7.892
   4.694    2.160    9.671
   6.339    4.876    2.676
   2.455    0.771    4.917
   9.054    1.598    5.369
   8.321    7.486    8.106
   5.178    0.937    5.381
   1.824    2.698    2.968
   0.124    3.148    3.008
   3.309    7.100    7.082
   4.561    1.066    4.549
   2.740    5.603    3.384
   2.065    0.807    9.787
   7.707    8.365    7.365
   0.799    2.317    2.272
   3.862    4.355    1.076
   9.030    3.267    7.760
   8.095    1.609    4.578
   8.728    4.478    3.785
   3.759    8.413    0.896
   6.486    0.475    0.577
   2.745    7.888    3.529
   9.392    7.013    6.334
   3.942    8.328    8.200
   2.535    0.516    0.868
   8.752    0.146    7.851
   1.475    7.853    6.681
   6.299    9.847    4.898
   8.046    8.430    4.012
   9.412    8.206    9.967
   3.038    5.687    9.635
   1.974    4.418    2.778
   0.054    8.404    2.334
   5.487    0.044    8.896
   7.969    2.765    4.776
   4.911    8.226    1.533
   3.090    1.496    5.272
   4.594    5.709    3.783
   4.281    3.163    4.226
   6.507    9.309    6.997
   0.879    5.178    6.575
   6.621    1.082    9.793
   8.724    9.393    1.107
   1.356    8.192    2.515
   9.031    7.258    2.948
   9.494    2.662    3.843
   9.595    8.791    8.653
   3.446    9.933    0.992
   8.227    5.124    6.538
   5.388    3.224    3.696
   0.530    2.595    8.198
   4.417    6.409    7.424
   5.062    8.342    3.516
   5.800    1.899    5.290
   3.800    3.106    9.940
   4.213    1.254    2.269
   0.046    8.264    7.127
   4.720    4.255    4.606
   1.229    4.235    1.679
   2.483    6.941    7.863
   7.355    9.541    0.406
   5.097    2.226    4.445
   9.254    4.031    2.780
   7.586    7.117    9.757
   0.097    4.599    8.073
   6.144    7.835    1.258
   2.278    6.495    6.552
   5.029    8.660    2.539
   5.993    3.586    1.534
   7.578    1.056    5.377
   5.151    2.629    5.748
   3.185    1.077    3.132
   8.151    0.019    6.864
   1.445    9.437    0.235
   2.574    2.397    8.151
   0.588    7.329    2.532
   2.105    3.356    1.801
   2.399    4.313    6.468
   3.456    7.385    4.825
   4.802    3.546    6.307
   8.737    8.429    7.422
   8.196    1.437    9.804
   3.312    5.381    7.660
   6.230    7.027    8.692
   0.055    3.300    1.743
   2.811    9.352    7.084
   1.192    9.404    4.270
   5.926    0.953    4.504
   7.373    8.563    0.852
   6.090    2.540    2.331
   5.499    9.827    4.100
   2.562    9.421    0.489
   3.303    0.658    1.762
   2.872    9.334    9.217
   0.742    8.405    4.179
   9.902    1.788    5.801
   3.728    7.962    9.272
   9.745    5.446    6.469
   2.795    7.696    6.208
   6.026    2.929    4.429
   6.912    3.813    3.792
   7.954    4.238    5.999
   3.114    9.820    3.866
   9.880    2.092    3.077
