   0.094    3.562    6.845
   3.275    7.131    8.382
   5.743    0.506    1.881
   0.909    1.225    7.782
   7.760    1.541    8.565
   1.676    5.870    3.218
   9.238    3.328    2.725
   8.763    6.620    4.402
   6.472    1.284    7.956
   1.303    7.044    2.433
   3.041    2.055    6.754
   2.843    5.506    4.331
   9.697    8.966    3.701
   1.106    8.721    1.359
   6.916    7.092    0.581
   1.497    6.762    6.591
   1.947    7.194    0.697
   3.025    7.529    6.361
   3.992    4.457    9.134
   0.052    9.121    5.185
   3.317    5.696    7.141
   1.244    2.138    3.671
   5.442    6.669    3.089
   4.068    8.339    1.416
   0.103    8.156    6.133
   4.150    6.868    7.207
   4.217    3.843    0.082
   3.090    9.792    9.645
   7.930    3.716    0.818
   4.531    6.928    1.512
   1.913    8.697    6.587
   0.901    3.017    6.315
   4.476    5.728    5.779
   1.050    7.787    6.500
   5.079    3.620    8.978
   0.279    6.358    1.714
   1.851    8.542    2.076
   8.215    2.680    5.788
   0.509    8.440    4.535
   4.715    6.893    9.656
   8.061    6.027    1.157
   3.528    8.595    4.399
   3.101    1.483    8.272
   0.955    5.486    8.794
   0.989    7.940    2.128
   2.457    9.047    0.863
   3.005    7.607    4.861
   0.346    7.010    3.551
   9.535    7.848    4.752
   0.557    6.228    6.683
   3.185    5.202    9.826
   0.046    2.503    6.668
   6.107    4.532    7.727
   3.007    8.717    1.933
   5.550    6.655    0.804
   1.562    5.738    4.272
   4.500    5.160    9.913
   1.423    7.288    4.315
   0.763    7.449    5.103
   2.833    3.770    4.919
   1.595    8.549    3.588
   6.098    3.608    7.285
   1.625    8.197    5.348
   5.340    7.809    3.778
   3.301    0.341    7.302
   9.665    3.773    5.818
   4.496    9.538    9.044
   7.137    7.578    8.454
   8.921    4.659    1.760
   4.992    4.974    6.351
   3.616    1.327    6.773
   3.032    7.027    4.064
   2.907    7.614    0.341
   9.696    2.117    5.606
   8.517    8.813    4.886
   5.582    5.397    0.321
   4.104    9.526    0.299
   4.219    7.165    3.480
   3.020    6.395    3.183
   4.371    7.285    0.610
   0.818    9.833    5.635
   1.550    2.254    7.916
   2.215    7.891    1.398
   5.265    5.835    2.211
   2.815    2.218    3.473
   3.509    9.167    8.362
   2.369    1.106    3.398
   2.774    8.875    3.255
   4.242    5.935    9.087
   1.265    8.751    8.445
   6.180    5.840    8.619
   5.543    7.611    2.415
   2.785    3.417    3.614
   6.867    6.020    0.055
   7.016    5.485    8.200
   1.688    2.270    2.250
   6.506    7.792    3.765
   0.913    8.750    7.142
   4.931    6.945    8.503
   6.259    0.536    7.009
   4.099    2.013    9.983
   3.126    8.575    5.894
   5.137    3.567    2.406
   0.747    0.462    3.202
   2.426    9.716    1.807
   4.904    8.279    0.515
   7.128    9.931    7.342
   2.186    5.587    6.279
   5.774    0.072    9.103
   3.599    8.069    2.946
   0.241    7.134    6.547
   8.118    9.275    7.121
   0.158    6.456    5.621
   2.856    0.280    5.609
   9.699    6.770    2.480
   3.986    7.691    4.451
   9.400    4.754    4.456
   4.071    3.256    1.465
   9.763    1.051    0.372
   5.600    7.512    9.916
   9.520    1.723    1.233
   2.406    1.080    6.499
   3.875    4.207    1.972
   5.985    6.466    9.512
   5.269    5.055    8.545
