   9.567    9.180    8.854
   1.358    8.096    6.642
   7.499    3.706    8.121
   9.972    0.429    9.289
   2.585    4.050    3.247
   7.856    3.581    2.670
   9.151    9.726    1.968
   7.427    2.536    6.362
   9.367    0.403    0.737
   2.637    1.350    6.094
   3.969    5.174    7.831
   9.290    1.474    1.942
   4.786    6.933    2.568
   7.159    1.736    7.613
   4.000    6.125    9.025
   3.288    8.246    1.622
   4.573    4.943    3.975
   1.220    0.239    5.408
   1.975    6.704    7.836
   0.178    7.566    7.010
   4.984    6.436    8.546
   8.373    0.391    0.726
   8.240    4.539    6.684
   0.147    1.930    1.606
   1.383    0.429    7.304
   9.257    9.643    5.333
   4.329    1.608    8.872
   8.329    8.381    8.569
   8.604    1.480    6.181
   3.888    2.749    8.083
   8.497    1.400    9.355
   4.449    0.465    8.768
   0.561    1.295    4.746
   0.209    3.659    4.457
   2.467    0.424    6.580
   0.052    3.418    3.499
   3.660    2.312    3.403
   6.413    4.214    3.788
   3.337    5.377    2.782
   6.180    4.376    7.779
   5.095    4.994    7.880
   2.764    6.479    3.950
   2.846    1.590    3.928
   1.802    0.079    9.287
   0.022    1.798    2.959
   9.202    8.182    0.314
   0.816    0.363    4.260
   4.377    2.663    9.673
   1.403    5.792    0.258
   6.975    7.818    9.285
   5.137    4.031    8.359
   0.186    0.695    5.879
   4.068    1.852    2.034
   3.570    7.941    3.686
   4.363    7.290    1.651
   8.737    9.182    8.045
   9.484    4.214    6.665
   9.663    3.103    7.679
   9.649    2.463    5.746
   4.423    5.086    6.697
   4.260    4.121    4.770
   7.499    5.517    0.152
   3.913    7.671    0.667
   1.826    4.094    5.373
   4.809    5.977    7.449
   3.933    0.732    0.202
   6.529    8.999    9.368
   3.213    3.882    4.763
   5.658    4.617    4.788
   6.213    6.473    4.997
   5.625    0.637    8.654
   4.443    3.409    8.980
   6.872    0.763    5.626
   0.094    0.444    8.159
   3.487    3.194    2.608
   4.408    8.382    2.139
   2.315    5.175    2.496
   9.762    8.361    2.128
   4.682    2.751    7.203
   8.437    9.503    9.233
   8.865    2.894    6.481
   7.049    0.787    6.873
   9.464    0.675    2.774
   7.161    4.563    1.243
   4.173    5.876    3.469
   4.958    5.278    9.413
   0.901    9.768    0.217
   2.198    3.797    2.063
   0.504    5.967    5.763
   5.812    2.453    7.663
   0.249    5.781    3.989
   3.374    6.635    1.040
   8.706    8.010    7.447
   0.146    4.481    3.719
   0.714    1.062    2.083
   8.805    9.550    0.314
   5.947    5.219    2.061
   6.381    7.679    4.009
   6.877    7.802    6.700
   7.592    8.832    0.109
   9.764    1.658    9.020
   0.546    8.616    1.204
   5.359    8.808    6.731
   2.264    0.779    4.168
   6.134    1.516    6.925
   1.732    2.657    2.384
   5.875    4.681    3.037
   8.375    0.240    3.077
   4.887    1.551    6.131
   7.859    0.623    8.878
   5.647    5.457    8.728
   5.315    0.530    9.776
   1.310    9.878    1.664
   5.507    7.461    0.743
   3.991    3.235    1.107
   7.791    5.649    8.829
   7.211    4.692    2.390
   9.354    0.325    4.033
   9.304    4.025    9.072
   5.912    6.226    7.677
   0.926    5.115    4.297
   6.747    1.792    5.920
   7.507    8.736    7.026
   7.948    4.876    8.222
   6.691    5.906    8.598
