Unit Element Size :   0.15000000D-01   Shape_type : 1
   Mesh :    26 X    53 X    56    0   Thickness_of_plate :     0    0    3
%  1
99999999999999999999999999999999999999999999999999999
99999999999999999999999999999999999999999999999999999
99999999999999999999999999999999999999999999999999999
99999999999999999999999999999999999999999999999999999
99999999999999999999999999999999999999999999999999999
99999999999999999999999999999999999999999999999999999
99999999999999999999999999999999999999999999999999999
99999999999999999999999999999999999999999999999999999
99999999999999999999999999999999999999999999999999999
99999999999999999999999999999999999999999999999999999
99999999999999999999999999999999999999999999999999999
99999999999999999999999999999999999999999999999999999
99999999999999999999999999999999999999999999999999999
99999999999999999999999999999999999999999999999999999
99999999999999999999999999999999999999999999999999999
99999999999999999999999999999999999999999999999999999
99999999999999999999999999999999999999999999999999999
99999999999999999999999999999999999999999999999999999
99999999999999999999999999999999999999999999999999999
99999999999999999999999999999999999999999999999999999
99999999999999999999999999999999999999999999999999999
99999999999999999999999999999999999999999999999999999
99999999999999999999999999999999999999999999999999999
99999999999999999999999999999999999999999999999999999
99999999999999999999999999999999999999999999999999999
99999999999999999999999999999999999999999999999999999
%  2
99999999999999999999999999999999999999999999999999999
99999999999999999999999999999999999999999999999999999
99999999999999999999999999999999999999999999999999999
99999999999999999999999999999999999999999999999999999
99999999999999999999999999999999999999999999999999999
99999999999999999999999999999999999999999999999999999
99999999999999999999999999999999999999999999999999999
99999999999999999999999999999999999999999999999999999
99999999999999999999999999999999999999999999999999999
99999999999999999999999999999999999999999999999999999
99999999999999999999999999999999999999999999999999999
99999999999999999999999999999999999999999999999999999
99999999999999999999999999999999999999999999999999999
99999999999999999999999999999999999999999999999999999
99999999999999999999999999999999999999999999999999999
99999999999999999999999999999999999999999999999999999
99999999999999999999999999999999999999999999999999999
99999999999999999999999999999999999999999999999999999
99999999999999999999999999999999999999999999999999999
99999999999999999999999999999999999999999999999999999
99999999999999999999999999999999999999999999999999999
99999999999999999999999999999999999999999999999999999
99999999999999999999999999999999999999999999999999999
99999999999999999999999999999999999999999999999999999
99999999999999999999999999999999999999999999999999999
99999999999999999999999999999999999999999999999999999
%  3
99999999999999999999999999999999999999999999999999999
99999999999999999999999999999999999999999999999999999
99999999999999999999999999999999999999999999999999999
99999999999999999999999999999999999999999999999999999
99999999999999999999999999999999999999999999999999999
99999999999999999999999999999999999999999999999999999
99999999999999999999999999999999999999999999999999999
99999999999999999999999999999999999999999999999999999
99999999999999999999999999999999999999999999999999999
99999999999999999999999999999999999999999999999999999
99999999999999999999999999999999999999999999999999999
99999999999999999999999999999999999999999999999999999
99999999999999999999999999999999999999999999999999999
99999999999999999999999999999999999999999999999999999
99999999999999999999999999999999999999999999999999999
99999999999999999999999999999999999999999999999999999
99999999999999999999999999999999999999999999999999999
99999999999999999999999999999999999999999999999999999
99999999999999999999999999999999999999999999999999999
99999999999999999999999999999999999999999999999999999
99999999999999999999999999999999999999999999999999999
99999999999999999999999999999999999999999999999999999
99999999999999999999999999999999999999999999999999999
99999999999999999999999999999999999999999999999999999
99999999999999999999999999999999999999999999999999999
99999999999999999999999999999999999999999999999999999
%  4
11111111111111111111111111111111111111111111111111111
11111111111111111111111111111111111111111111111111111
11111111111111111111111111111111111111111111111111111
11111111111111111111111111111111111111111111111111111
11111111111111111111111111111111111111111111111111111
11111111111111111111111111111111111111111111111111111
11111111111111111111111111111111111111111111111111111
11111111111111111111111111111111111111111111111111111
11111111111111111111111111111111111111111111111111111
11111111111111111111111112221111111111111111111111111
11111111111111111111111222222211111111111111111111111
11111111111111111111111222222211111111111111111111111
11111111111111111111111222222211111111111111111111111
11111111111111111111111222222211111111111111111111111
11111111111111111111111222222211111111111111111111111
11111111111111111111111222222211111111111111111111111
11111111111111111111111112221111111111111111111111111
11111111111111111111111111111111111111111111111111111
11111111111111111111111111111111111111111111111111111
11111111111111111111111111111111111111111111111111111
11111111111111111111111111111111111111111111111111111
11111111111111111111111111111111111111111111111111111
11111111111111111111111111111111111111111111111111111
11111111111111111111111111111111111111111111111111111
11111111111111111111111111111111111111111111111111111
11111111111111111111111111111111111111111111111111111
%  5
11111111111111111111111111111111111111111111111111111
11111111111111111111111111111111111111111111111111111
11111111111111111111111111111111111111111111111111111
11111111111111111111111111111111111111111111111111111
11111111111111111111111111111111111111111111111111111
11111111111111111111111111111111111111111111111111111
11111111111111111111111111111111111111111111111111111
11111111111111111111111111111111111111111111111111111
11111111111111111111111111111111111111111111111111111
11111111111111111111111112221111111111111111111111111
11111111111111111111111222222211111111111111111111111
11111111111111111111111222222211111111111111111111111
11111111111111111111111222222211111111111111111111111
11111111111111111111111222222211111111111111111111111
11111111111111111111111222222211111111111111111111111
11111111111111111111111222222211111111111111111111111
11111111111111111111111112221111111111111111111111111
11111111111111111111111111111111111111111111111111111
11111111111111111111111111111111111111111111111111111
11111111111111111111111111111111111111111111111111111
11111111111111111111111111111111111111111111111111111
11111111111111111111111111111111111111111111111111111
11111111111111111111111111111111111111111111111111111
11111111111111111111111111111111111111111111111111111
11111111111111111111111111111111111111111111111111111
11111111111111111111111111111111111111111111111111111
%  6
11111111111111111111111111111111111111111111111111111
11111111111111111111111111111111111111111111111111111
11111111111111111111111111111111111111111111111111111
11111111111111111111111111111111111111111111111111111
11111111111111111111111111111111111111111111111111111
11111111111111111111111111111111111111111111111111111
11111111111111111111111111111111111111111111111111111
11111111111111111111111111111111111111111111111111111
11111111111111111111111111111111111111111111111111111
11111111111111111111111112221111111111111111111111111
11111111111111111111111222222211111111111111111111111
11111111111111111111111222222211111111111111111111111
11111111111111111111111222222211111111111111111111111
11111111111111111111111222222211111111111111111111111
11111111111111111111111222222211111111111111111111111
11111111111111111111111222222211111111111111111111111
11111111111111111111111112221111111111111111111111111
11111111111111111111111111111111111111111111111111111
11111111111111111111111111111111111111111111111111111
11111111111111111111111111111111111111111111111111111
11111111111111111111111111111111111111111111111111111
11111111111111111111111111111111111111111111111111111
11111111111111111111111111111111111111111111111111111
11111111111111111111111111111111111111111111111111111
11111111111111111111111111111111111111111111111111111
11111111111111111111111111111111111111111111111111111
%  7
11111111111111111111111111111111111111111111111111111
11111111111111111111111111111111111111111111111111111
11111111111111111111111111111111111111111111111111111
11111111111111111111111111111111111111111111111111111
11111111111111111111111111111111111111111111111111111
11111111111111111111111111111111111111111111111111111
11111111111111111111111111111111111111111111111111111
11111111111111111111111111111111111111111111111111111
11111111111111111111111111111111111111111111111111111
11111111111111111111111112221111111111111111111111111
11111111111111111111111222222211111111111111111111111
11111111111111111111111222222211111111111111111111111
11111111111111111111111222222211111111111111111111111
11111111111111111111111222222211111111111111111111111
11111111111111111111111222222211111111111111111111111
11111111111111111111111222222211111111111111111111111
11111111111111111111111112221111111111111111111111111
11111111111111111111111111111111111111111111111111111
11111111111111111111111111111111111111111111111111111
11111111111111111111111111111111111111111111111111111
11111111111111111111111111111111111111111111111111111
11111111111111111111111111111111111111111111111111111
11111111111111111111111111111111111111111111111111111
11111111111111111111111111111111111111111111111111111
11111111111111111111111111111111111111111111111111111
11111111111111111111111111111111111111111111111111111
%  8
11111111111111111111111111111111111111111111111111111
11111111111111111111111111111111111111111111111111111
11111111111111111111111111111111111111111111111111111
11111111111111111111111111111111111111111111111111111
11111111111111111111111111111111111111111111111111111
11111111111111111111111111111111111111111111111111111
11111111111111111111111111111111111111111111111111111
11111111111111111111111111111111111111111111111111111
11111111111111111111111111111111111111111111111111111
11111111111111111111111112221111111111111111111111111
11111111111111111111111222222211111111111111111111111
11111111111111111111111222222211111111111111111111111
11111111111111111111111222222211111111111111111111111
11111111111111111111111222222211111111111111111111111
11111111111111111111111222222211111111111111111111111
11111111111111111111111222222211111111111111111111111
11111111111111111111111112221111111111111111111111111
11111111111111111111111111111111111111111111111111111
11111111111111111111111111111111111111111111111111111
11111111111111111111111111111111111111111111111111111
11111111111111111111111111111111111111111111111111111
11111111111111111111111111111111111111111111111111111
11111111111111111111111111111111111111111111111111111
11111111111111111111111111111111111111111111111111111
11111111111111111111111111111111111111111111111111111
11111111111111111111111111111111111111111111111111111
%  9
11111111111111111111111111111111111111111111111111111
11111111111111111111111111111111111111111111111111111
11111111111111111111111111111111111111111111111111111
11111111111111111111111111111111111111111111111111111
11111111111111111111111111111111111111111111111111111
11111111111111111111111111111111111111111111111111111
11111111111111111111111111111111111111111111111111111
11111111111111111111111111111111111111111111111111111
11111111111111111111111111111111111111111111111111111
11111111111111111111111112221111111111111111111111111
11111111111111111111111222222211111111111111111111111
11111111111111111111111222222211111111111111111111111
11111111111111111111111222222211111111111111111111111
11111111111111111111111222222211111111111111111111111
11111111111111111111111222222211111111111111111111111
11111111111111111111111222222211111111111111111111111
11111111111111111111111112221111111111111111111111111
11111111111111111111111111111111111111111111111111111
11111111111111111111111111111111111111111111111111111
11111111111111111111111111111111111111111111111111111
11111111111111111111111111111111111111111111111111111
11111111111111111111111111111111111111111111111111111
11111111111111111111111111111111111111111111111111111
11111111111111111111111111111111111111111111111111111
11111111111111111111111111111111111111111111111111111
11111111111111111111111111111111111111111111111111111
% 10
11111111111111111111111111111111111111111111111111111
11111111111111111111111111111111111111111111111111111
11111111111111111111111111111111111111111111111111111
11111111111111111111111111111111111111111111111111111
11111111111111111111111111111111111111111111111111111
11111111111111111111111111111111111111111111111111111
11111111111111111111111111111111111111111111111111111
11111111111111111111111111111111111111111111111111111
11111111111111111111111111111111111111111111111111111
11111111111111111111111112221111111111111111111111111
11111111111111111111111222222211111111111111111111111
11111111111111111111111222222211111111111111111111111
11111111111111111111111222222211111111111111111111111
11111111111111111111111222222211111111111111111111111
11111111111111111111111222222211111111111111111111111
11111111111111111111111222222211111111111111111111111
11111111111111111111111112221111111111111111111111111
11111111111111111111111111111111111111111111111111111
11111111111111111111111111111111111111111111111111111
11111111111111111111111111111111111111111111111111111
11111111111111111111111111111111111111111111111111111
11111111111111111111111111111111111111111111111111111
11111111111111111111111111111111111111111111111111111
11111111111111111111111111111111111111111111111111111
11111111111111111111111111111111111111111111111111111
11111111111111111111111111111111111111111111111111111
% 11
11111111111111111111111111111111111111111111111111111
11111111111111111111111111111111111111111111111111111
11111111111111111111111111111111111111111111111111111
11111111111111111111111111111111111111111111111111111
11111111111111111111111111111111111111111111111111111
11111111111111111111111111111111111111111111111111111
11111111111111111111111111111111111111111111111111111
11111111111111111111111111111111111111111111111111111
11111111111111111111111111111111111111111111111111111
11111111111111111111111112221111111111111111111111111
11111111111111111111111222222211111111111111111111111
11111111111111111111111222222211111111111111111111111
11111111111111111111111222222211111111111111111111111
11111111111111111111111222222211111111111111111111111
11111111111111111111111222222211111111111111111111111
11111111111111111111111222222211111111111111111111111
11111111111111111111111112221111111111111111111111111
11111111111111111111111111111111111111111111111111111
11111111111111111111111111111111111111111111111111111
11111111111111111111111111111111111111111111111111111
11111111111111111111111111111111111111111111111111111
11111111111111111111111111111111111111111111111111111
11111111111111111111111111111111111111111111111111111
11111111111111111111111111111111111111111111111111111
11111111111111111111111111111111111111111111111111111
11111111111111111111111111111111111111111111111111111
% 12
11111111111111111111111111111111111111111111111111111
11111111111111111111111111111111111111111111111111111
11111111111111111111111111111111111111111111111111111
11111111111111111111111111111111111111111111111111111
11111111111111111111111111111111111111111111111111111
11111111111111111111111111111111111111111111111111111
11111111111111111111111111111111111111111111111111111
11111111111111111111111111111111111111111111111111111
11111111111111111111111111111111111111111111111111111
11111111111111111111111112221111111111111111111111111
11111111111111111111111222222211111111111111111111111
11111111111111111111111222222211111111111111111111111
11111111111111111111111222222211111111111111111111111
11111111111111111111111222222211111111111111111111111
11111111111111111111111222222211111111111111111111111
11111111111111111111111222222211111111111111111111111
11111111111111111111111112221111111111111111111111111
11111111111111111111111111111111111111111111111111111
11111111111111111111111111111111111111111111111111111
11111111111111111111111111111111111111111111111111111
11111111111111111111111111111111111111111111111111111
11111111111111111111111111111111111111111111111111111
11111111111111111111111111111111111111111111111111111
11111111111111111111111111111111111111111111111111111
11111111111111111111111111111111111111111111111111111
11111111111111111111111111111111111111111111111111111
% 13
11111111111111111111111111111111111111111111111111111
11111111111111111111111111111111111111111111111111111
11111111111111111111111111111111111111111111111111111
11111111111111111111111111111111111111111111111111111
11111111111111111111111111111111111111111111111111111
11111111111111111111111111111111111111111111111111111
11111111111111111111111111111111111111111111111111111
11111111111111111111111111111111111111111111111111111
11111111111111111111111111111111111111111111111111111
11111111111111111111111112221111111111111111111111111
11111111111111111111111222222211111111111111111111111
11111111111111111111111222222211111111111111111111111
11111111111111111111111222222211111111111111111111111
11111111111111111111111222222211111111111111111111111
11111111111111111111111222222211111111111111111111111
11111111111111111111111222222211111111111111111111111
11111111111111111111111112221111111111111111111111111
11111111111111111111111111111111111111111111111111111
11111111111111111111111111111111111111111111111111111
11111111111111111111111111111111111111111111111111111
11111111111111111111111111111111111111111111111111111
11111111111111111111111111111111111111111111111111111
11111111111111111111111111111111111111111111111111111
11111111111111111111111111111111111111111111111111111
11111111111111111111111111111111111111111111111111111
11111111111111111111111111111111111111111111111111111
% 14
11111111111111111111111111111111111111111111111111111
11111111111111111111111111111111111111111111111111111
11111111111111111111111111111111111111111111111111111
11111111111111111111111111111111111111111111111111111
11111111111111111111111111111111111111111111111111111
11111111111111111111111111111111111111111111111111111
11111111111111111111111111111111111111111111111111111
11111111111111111111111111111111111111111111111111111
11111111111111111111111111111111111111111111111111111
11111111111111111111111112221111111111111111111111111
11111111111111111111111222222211111111111111111111111
11111111111111111111111222222211111111111111111111111
11111111111111111111111222222211111111111111111111111
11111111111111111111111222222211111111111111111111111
11111111111111111111111222222211111111111111111111111
11111111111111111111111222222211111111111111111111111
11111111111111111111111112221111111111111111111111111
11111111111111111111111111111111111111111111111111111
11111111111111111111111111111111111111111111111111111
11111111111111111111111111111111111111111111111111111
11111111111111111111111111111111111111111111111111111
11111111111111111111111111111111111111111111111111111
11111111111111111111111111111111111111111111111111111
11111111111111111111111111111111111111111111111111111
11111111111111111111111111111111111111111111111111111
11111111111111111111111111111111111111111111111111111
% 15
11111111111111111111111111111111111111111111111111111
11111111111111111111111111111111111111111111111111111
11111111111111111111111111111111111111111111111111111
11111111111111111111111111111111111111111111111111111
11111111111111111111111111111111111111111111111111111
11111111111111111111111111111111111111111111111111111
11111111111111111111111111111111111111111111111111111
11111111111111111111111111111111111111111111111111111
11111111111111111111111111111111111111111111111111111
11111111111111111111111112221111111111111111111111111
11111111111111111111111222222211111111111111111111111
11111111111111111111111222222211111111111111111111111
11111111111111111111111222222211111111111111111111111
11111111111111111111111222222211111111111111111111111
11111111111111111111111222222211111111111111111111111
11111111111111111111111222222211111111111111111111111
11111111111111111111111112221111111111111111111111111
11111111111111111111111111111111111111111111111111111
11111111111111111111111111111111111111111111111111111
11111111111111111111111111111111111111111111111111111
11111111111111111111111111111111111111111111111111111
11111111111111111111111111111111111111111111111111111
11111111111111111111111111111111111111111111111111111
11111111111111111111111111111111111111111111111111111
11111111111111111111111111111111111111111111111111111
11111111111111111111111111111111111111111111111111111
% 16
11111111111111111111111111111111111111111111111111111
11111111111111111111111111111111111111111111111111111
11111111111111111111111111111111111111111111111111111
11111111111111111111111111111111111111111111111111111
11111111111111111111111111111111111111111111111111111
11111111111111111111111111111111111111111111111111111
11111111111111111111111111111111111111111111111111111
11111111111111111111111111111111111111111111111111111
11111111111111111111111111111111111111111111111111111
11111111111111111111111112221111111111111111111111111
11111111111111111111111222222211111111111111111111111
11111111111111111111111222222211111111111111111111111
11111111111111111111111222222211111111111111111111111
11111111111111111111111222222211111111111111111111111
11111111111111111111111222222211111111111111111111111
11111111111111111111111222222211111111111111111111111
11111111111111111111111112221111111111111111111111111
11111111111111111111111111111111111111111111111111111
11111111111111111111111111111111111111111111111111111
11111111111111111111111111111111111111111111111111111
11111111111111111111111111111111111111111111111111111
11111111111111111111111111111111111111111111111111111
11111111111111111111111111111111111111111111111111111
11111111111111111111111111111111111111111111111111111
11111111111111111111111111111111111111111111111111111
11111111111111111111111111111111111111111111111111111
% 17
11111111111111111111111111111111111111111111111111111
11111111111111111111111111111111111111111111111111111
11111111111111111111111111111111111111111111111111111
11111111111111111111111111111111111111111111111111111
11111111111111111111111111111111111111111111111111111
11111111111111111111111111111111111111111111111111111
11111111111111111111111111111111111111111111111111111
11111111111111111111111111111111111111111111111111111
11111111111111111111111111111111111111111111111111111
11111111111111111111111112221111111111111111111111111
11111111111111111111111222222211111111111111111111111
11111111111111111111111222222211111111111111111111111
11111111111111111111111222222211111111111111111111111
11111111111111111111111222222211111111111111111111111
11111111111111111111111222222211111111111111111111111
11111111111111111111111222222211111111111111111111111
11111111111111111111111112221111111111111111111111111
11111111111111111111111111111111111111111111111111111
11111111111111111111111111111111111111111111111111111
11111111111111111111111111111111111111111111111111111
11111111111111111111111111111111111111111111111111111
11111111111111111111111111111111111111111111111111111
11111111111111111111111111111111111111111111111111111
11111111111111111111111111111111111111111111111111111
11111111111111111111111111111111111111111111111111111
11111111111111111111111111111111111111111111111111111
% 18
11111111111111111111111111111111111111111111111111111
11111111111111111111111111111111111111111111111111111
11111111111111111111111111111111111111111111111111111
11111111111111111111111111111111111111111111111111111
11111111111111111111111111111111111111111111111111111
11111111111111111111111111111111111111111111111111111
11111111111111111111111111111111111111111111111111111
11111111111111111111111111111111111111111111111111111
11111111111111111111111111111111111111111111111111111
11111111111111111111111112221111111111111111111111111
11111111111111111111111222222211111111111111111111111
11111111111111111111111222222211111111111111111111111
11111111111111111111111222222211111111111111111111111
11111111111111111111111222222211111111111111111111111
11111111111111111111111222222211111111111111111111111
11111111111111111111111222222211111111111111111111111
11111111111111111111111112221111111111111111111111111
11111111111111111111111111111111111111111111111111111
11111111111111111111111111111111111111111111111111111
11111111111111111111111111111111111111111111111111111
11111111111111111111111111111111111111111111111111111
11111111111111111111111111111111111111111111111111111
11111111111111111111111111111111111111111111111111111
11111111111111111111111111111111111111111111111111111
11111111111111111111111111111111111111111111111111111
11111111111111111111111111111111111111111111111111111
% 19
11111111111111111111111111111111111111111111111111111
11111111111111111111111111111111111111111111111111111
11111111111111111111111111111111111111111111111111111
11111111111111111111111111111111111111111111111111111
11111111111111111111111111111111111111111111111111111
11111111111111111111111111111111111111111111111111111
11111111111111111111111111111111111111111111111111111
11111111111111111111111111111111111111111111111111111
11111111111111111111111111111111111111111111111111111
11111111111111111111111112221111111111111111111111111
11111111111111111111111222222211111111111111111111111
11111111111111111111111222222211111111111111111111111
11111111111111111111111222222211111111111111111111111
11111111111111111111111222222211111111111111111111111
11111111111111111111111222222211111111111111111111111
11111111111111111111111222222211111111111111111111111
11111111111111111111111112221111111111111111111111111
11111111111111111111111111111111111111111111111111111
11111111111111111111111111111111111111111111111111111
11111111111111111111111111111111111111111111111111111
11111111111111111111111111111111111111111111111111111
11111111111111111111111111111111111111111111111111111
11111111111111111111111111111111111111111111111111111
11111111111111111111111111111111111111111111111111111
11111111111111111111111111111111111111111111111111111
11111111111111111111111111111111111111111111111111111
% 20
11111111111111111111111111111111111111111111111111111
11111111111111111111111111111111111111111111111111111
11111111111111111111111111111111111111111111111111111
11111111111111111111111111111111111111111111111111111
11111111111111111111111111111111111111111111111111111
11111111111111111111111111111111111111111111111111111
11111111111111111111111111111111111111111111111111111
11111111111111111111111111111111111111111111111111111
11111111111111111111111111111111111111111111111111111
11111111111111111111111112221111111111111111111111111
11111111111111111111111222222211111111111111111111111
11111111111111111111111222222211111111111111111111111
11111111111111111111111222222211111111111111111111111
11111111111111111111111222222211111111111111111111111
11111111111111111111111222222211111111111111111111111
11111111111111111111111222222211111111111111111111111
11111111111111111111111112221111111111111111111111111
11111111111111111111111111111111111111111111111111111
11111111111111111111111111111111111111111111111111111
11111111111111111111111111111111111111111111111111111
11111111111111111111111111111111111111111111111111111
11111111111111111111111111111111111111111111111111111
11111111111111111111111111111111111111111111111111111
11111111111111111111111111111111111111111111111111111
11111111111111111111111111111111111111111111111111111
11111111111111111111111111111111111111111111111111111
% 21
11111111111111111111111111111111111111111111111111111
11111111111111111111111111111111111111111111111111111
11111111111111111111111111111111111111111111111111111
11111111111111111111111111111111111111111111111111111
11111111111111111111111111111111111111111111111111111
11111111111111111111111111111111111111111111111111111
11111111111111111111111111111111111111111111111111111
11111111111111111111111111111111111111111111111111111
11111111111111111111111111111111111111111111111111111
11111111111111111111111112221111111111111111111111111
11111111111111111111111222222211111111111111111111111
11111111111111111111111222222211111111111111111111111
11111111111111111111111222222211111111111111111111111
11111111111111111111111222222211111111111111111111111
11111111111111111111111222222211111111111111111111111
11111111111111111111111222222211111111111111111111111
11111111111111111111111112221111111111111111111111111
11111111111111111111111111111111111111111111111111111
11111111111111111111111111111111111111111111111111111
11111111111111111111111111111111111111111111111111111
11111111111111111111111111111111111111111111111111111
11111111111111111111111111111111111111111111111111111
11111111111111111111111111111111111111111111111111111
11111111111111111111111111111111111111111111111111111
11111111111111111111111111111111111111111111111111111
11111111111111111111111111111111111111111111111111111
% 22
11111111111111111111111111111111111111111111111111111
11111111111111111111111111111111111111111111111111111
11111111111111111111111111111111111111111111111111111
11111111111111111111111111111111111111111111111111111
11111111111111111111111111111111111111111111111111111
11111111111111111111111111111111111111111111111111111
11111111111111111111111111111111111111111111111111111
11111111111111111111111111111111111111111111111111111
11111111111111111111111111111111111111111111111111111
11111111111111111111111112221111111111111111111111111
11111111111111111111111222222211111111111111111111111
11111111111111111111111222222211111111111111111111111
11111111111111111111111222222211111111111111111111111
11111111111111111111111222222211111111111111111111111
11111111111111111111111222222211111111111111111111111
11111111111111111111111222222211111111111111111111111
11111111111111111111111112221111111111111111111111111
11111111111111111111111111111111111111111111111111111
11111111111111111111111111111111111111111111111111111
11111111111111111111111111111111111111111111111111111
11111111111111111111111111111111111111111111111111111
11111111111111111111111111111111111111111111111111111
11111111111111111111111111111111111111111111111111111
11111111111111111111111111111111111111111111111111111
11111111111111111111111111111111111111111111111111111
11111111111111111111111111111111111111111111111111111
% 23
11111111111111111111111111111111111111111111111111111
11111111111111111111111111111111111111111111111111111
11111111111111111111111111111111111111111111111111111
11111111111111111111111111111111111111111111111111111
11111111111111111111111111111111111111111111111111111
11111111111111111111111111111111111111111111111111111
11111111111111111111111111111111111111111111111111111
11111111111111111111111111111111111111111111111111111
11111111111111111111111111111111111111111111111111111
11111111111111111111111112221111111111111111111111111
11111111111111111111111222222211111111111111111111111
11111111111111111111111222222211111111111111111111111
11111111111111111111111222222211111111111111111111111
11111111111111111111111222222211111111111111111111111
11111111111111111111111222222211111111111111111111111
11111111111111111111111222222211111111111111111111111
11111111111111111111111112221111111111111111111111111
11111111111111111111111111111111111111111111111111111
11111111111111111111111111111111111111111111111111111
11111111111111111111111111111111111111111111111111111
11111111111111111111111111111111111111111111111111111
11111111111111111111111111111111111111111111111111111
11111111111111111111111111111111111111111111111111111
11111111111111111111111111111111111111111111111111111
11111111111111111111111111111111111111111111111111111
11111111111111111111111111111111111111111111111111111
% 24
11111111111111111111111111111111111111111111111111111
11111111111111111111111111111111111111111111111111111
11111111111111111111111111111111111111111111111111111
11111111111111111111111111111111111111111111111111111
11111111111111111111111111111111111111111111111111111
11111111111111111111111111111111111111111111111111111
11111111111111111111111111111111111111111111111111111
11111111111111111111111111111111111111111111111111111
11111111111111111111111111111111111111111111111111111
11111111111111111111111112221111111111111111111111111
11111111111111111111111222222211111111111111111111111
11111111111111111111111222222211111111111111111111111
11111111111111111111111222222211111111111111111111111
11111111111111111111111222222211111111111111111111111
11111111111111111111111222222211111111111111111111111
11111111111111111111111222222211111111111111111111111
11111111111111111111111112221111111111111111111111111
11111111111111111111111111111111111111111111111111111
11111111111111111111111111111111111111111111111111111
11111111111111111111111111111111111111111111111111111
11111111111111111111111111111111111111111111111111111
11111111111111111111111111111111111111111111111111111
11111111111111111111111111111111111111111111111111111
11111111111111111111111111111111111111111111111111111
11111111111111111111111111111111111111111111111111111
11111111111111111111111111111111111111111111111111111
% 25
11111111111111111111111111111111111111111111111111111
11111111111111111111111111111111111111111111111111111
11111111111111111111111111111111111111111111111111111
11111111111111111111111111111111111111111111111111111
11111111111111111111111111111111111111111111111111111
11111111111111111111111111111111111111111111111111111
11111111111111111111111111111111111111111111111111111
11111111111111111111111111111111111111111111111111111
11111111111111111111111111111111111111111111111111111
11111111111111111111111112221111111111111111111111111
11111111111111111111111222222211111111111111111111111
11111111111111111111111222222211111111111111111111111
11111111111111111111111222222211111111111111111111111
11111111111111111111111222222211111111111111111111111
11111111111111111111111222222211111111111111111111111
11111111111111111111111222222211111111111111111111111
11111111111111111111111112221111111111111111111111111
11111111111111111111111111111111111111111111111111111
11111111111111111111111111111111111111111111111111111
11111111111111111111111111111111111111111111111111111
11111111111111111111111111111111111111111111111111111
11111111111111111111111111111111111111111111111111111
11111111111111111111111111111111111111111111111111111
11111111111111111111111111111111111111111111111111111
11111111111111111111111111111111111111111111111111111
11111111111111111111111111111111111111111111111111111
% 26
11111111111111111111111111111111111111111111111111111
11111111111111111111111111111111111111111111111111111
11111111111111111111111111111111111111111111111111111
11111111111111111111111111111111111111111111111111111
11111111111111111111111111111111111111111111111111111
11111111111111111111111111111111111111111111111111111
11111111111111111111111111111111111111111111111111111
11111111111111111111111111111111111111111111111111111
11111111111111111111111111111111111111111111111111111
11111111111111111111111112221111111111111111111111111
11111111111111111111111222222211111111111111111111111
11111111111111111111111222222211111111111111111111111
11111111111111111111111222222211111111111111111111111
11111111111111111111111222222211111111111111111111111
11111111111111111111111222222211111111111111111111111
11111111111111111111111222222211111111111111111111111
11111111111111111111111112221111111111111111111111111
11111111111111111111111111111111111111111111111111111
11111111111111111111111111111111111111111111111111111
11111111111111111111111111111111111111111111111111111
11111111111111111111111111111111111111111111111111111
11111111111111111111111111111111111111111111111111111
11111111111111111111111111111111111111111111111111111
11111111111111111111111111111111111111111111111111111
11111111111111111111111111111111111111111111111111111
11111111111111111111111111111111111111111111111111111
% 27
11111111111111111111111111111111111111111111111111111
11111111111111111111111111111111111111111111111111111
11111111111111111111111111111111111111111111111111111
11111111111111111111111111111111111111111111111111111
11111111111111111111111111111111111111111111111111111
11111111111111111111111111111111111111111111111111111
11111111111111111111111111111111111111111111111111111
11111111111111111111111111111111111111111111111111111
11111111111111111111111111111111111111111111111111111
11111111111111111111111112221111111111111111111111111
11111111111111111111111222222211111111111111111111111
11111111111111111111111222222211111111111111111111111
11111111111111111111111222222211111111111111111111111
11111111111111111111111222222211111111111111111111111
11111111111111111111111222222211111111111111111111111
11111111111111111111111222222211111111111111111111111
11111111111111111111111112221111111111111111111111111
11111111111111111111111111111111111111111111111111111
11111111111111111111111111111111111111111111111111111
11111111111111111111111111111111111111111111111111111
11111111111111111111111111111111111111111111111111111
11111111111111111111111111111111111111111111111111111
11111111111111111111111111111111111111111111111111111
11111111111111111111111111111111111111111111111111111
11111111111111111111111111111111111111111111111111111
11111111111111111111111111111111111111111111111111111
% 28
11111111111111111111111111111111111111111111111111111
11111111111111111111111111111111111111111111111111111
11111111111111111111111111111111111111111111111111111
11111111111111111111111111111111111111111111111111111
11111111111111111111111111111111111111111111111111111
11111111111111111111111111111111111111111111111111111
11111111111111111111111111111111111111111111111111111
11111111111111111111111111111111111111111111111111111
11111111111111111111111111111111111111111111111111111
11111111111111111111111112221111111111111111111111111
11111111111111111111111222222211111111111111111111111
11111111111111111111111222222211111111111111111111111
11111111111111111111112222222221111111111111111111111
11111111111111111111112222222221111111111111111111111
11111111111111111111111222222211111111111111111111111
11111111111111111111111222222211111111111111111111111
11111111111111111111111112221111111111111111111111111
11111111111111111111111111111111111111111111111111111
11111111111111111111111111111111111111111111111111111
11111111111111111111111111111111111111111111111111111
11111111111111111111111111111111111111111111111111111
11111111111111111111111111111111111111111111111111111
11111111111111111111111111111111111111111111111111111
11111111111111111111111111111111111111111111111111111
11111111111111111111111111111111111111111111111111111
11111111111111111111111111111111111111111111111111111
% 29
11111111111111111111111111111111111111111111111111111
11111111111111111111111111111111111111111111111111111
11111111111111111111111111111111111111111111111111111
11111111111111111111111111111111111111111111111111111
11111111111111111111111111111111111111111111111111111
11111111111111111111111111111111111111111111111111111
11111111111111111111111111111111111111111111111111111
11111111111111111111111111111111111111111111111111111
11111111111111111111111111111111111111111111111111111
11111111111111111111111122222111111111111111111111111
11111111111111111111111222222211111111111111111111111
11111111111111111111112222222221111111111111111111111
11111111111111111111112222222221111111111111111111111
11111111111111111111112222222221111111111111111111111
11111111111111111111112222222221111111111111111111111
11111111111111111111111222222211111111111111111111111
11111111111111111111111122222111111111111111111111111
11111111111111111111111111111111111111111111111111111
11111111111111111111111111111111111111111111111111111
11111111111111111111111111111111111111111111111111111
11111111111111111111111111111111111111111111111111111
11111111111111111111111111111111111111111111111111111
11111111111111111111111111111111111111111111111111111
11111111111111111111111111111111111111111111111111111
11111111111111111111111111111111111111111111111111111
11111111111111111111111111111111111111111111111111111
% 30
11111111111111111111111111111111111111111111111111111
11111111111111111111111111111111111111111111111111111
11111111111111111111111111111111111111111111111111111
11111111111111111111111111111111111111111111111111111
11111111111111111111111111111111111111111111111111111
11111111111111111111111111111111111111111111111111111
11111111111111111111111111111111111111111111111111111
11111111111111111111111111111111111111111111111111111
11111111111111111111111111111111111111111111111111111
11111111111111111111111222222211111111111111111111111
11111111111111111111112222222221111111111111111111111
11111111111111111111122222222222111111111111111111111
11111111111111111111122222222222111111111111111111111
11111111111111111111122222222222111111111111111111111
11111111111111111111122222222222111111111111111111111
11111111111111111111112222222221111111111111111111111
11111111111111111111111222222211111111111111111111111
11111111111111111111111111111111111111111111111111111
11111111111111111111111111111111111111111111111111111
11111111111111111111111111111111111111111111111111111
11111111111111111111111111111111111111111111111111111
11111111111111111111111111111111111111111111111111111
11111111111111111111111111111111111111111111111111111
11111111111111111111111111111111111111111111111111111
11111111111111111111111111111111111111111111111111111
11111111111111111111111111111111111111111111111111111
% 31
11111111111111111111111111111111111111111111111111111
11111111111111111111111111111111111111111111111111111
11111111111111111111111111111111111111111111111111111
11111111111111111111111111111111111111111111111111111
11111111111111111111111111111111111111111111111111111
11111111111111111111111111111111111111111111111111111
11111111111111111111111111111111111111111111111111111
11111111111111111111111111111111111111111111111111111
11111111111111111111111111111111111111111111111111111
11111111111111111111111222222211111111111111111111111
11111111111111111111122222222222111111111111111111111
11111111111111111111122222222222111111111111111111111
11111111111111111111222222222222211111111111111111111
11111111111111111111222222222222211111111111111111111
11111111111111111111122222222222111111111111111111111
11111111111111111111122222222222111111111111111111111
11111111111111111111111222222211111111111111111111111
11111111111111111111111111111111111111111111111111111
11111111111111111111111111111111111111111111111111111
11111111111111111111111111111111111111111111111111111
11111111111111111111111111111111111111111111111111111
11111111111111111111111111111111111111111111111111111
11111111111111111111111111111111111111111111111111111
11111111111111111111111111111111111111111111111111111
11111111111111111111111111111111111111111111111111111
11111111111111111111111111111111111111111111111111111
% 32
11111111111111111111111111111111111111111111111111111
11111111111111111111111111111111111111111111111111111
11111111111111111111111111111111111111111111111111111
11111111111111111111111111111111111111111111111111111
11111111111111111111111111111111111111111111111111111
11111111111111111111111111111111111111111111111111111
11111111111111111111111111111111111111111111111111111
11111111111111111111111111111111111111111111111111111
11111111111111111111111111111111111111111111111111111
11111111111111111111112222222221111111111111111111111
11111111111111111111122222222222111111111111111111111
11111111111111111111222222222222211111111111111111111
11111111111111111111222222222222211111111111111111111
11111111111111111111222222222222211111111111111111111
11111111111111111111222222222222211111111111111111111
11111111111111111111122222222222111111111111111111111
11111111111111111111112222222221111111111111111111111
11111111111111111111111111111111111111111111111111111
11111111111111111111111111111111111111111111111111111
11111111111111111111111111111111111111111111111111111
11111111111111111111111111111111111111111111111111111
11111111111111111111111111111111111111111111111111111
11111111111111111111111111111111111111111111111111111
11111111111111111111111111111111111111111111111111111
11111111111111111111111111111111111111111111111111111
11111111111111111111111111111111111111111111111111111
% 33
11111111111111111111111111111111111111111111111111111
11111111111111111111111111111111111111111111111111111
11111111111111111111111111111111111111111111111111111
11111111111111111111111111111111111111111111111111111
11111111111111111111111111111111111111111111111111111
11111111111111111111111111111111111111111111111111111
11111111111111111111111111111111111111111111111111111
11111111111111111111111111111111111111111111111111111
11111111111111111111111111111111111111111111111111111
11111111111111111111112222122221111111111111111111111
11111111111111111111222222222222211111111111111111111
11111111111111111111222222222222211111111111111111111
11111111111111111112222222222222221111111111111111111
11111111111111111112222222222222221111111111111111111
11111111111111111111222222222222211111111111111111111
11111111111111111111222222222222211111111111111111111
11111111111111111111112222122221111111111111111111111
11111111111111111111111111111111111111111111111111111
11111111111111111111111111111111111111111111111111111
11111111111111111111111111111111111111111111111111111
11111111111111111111111111111111111111111111111111111
11111111111111111111111111111111111111111111111111111
11111111111111111111111111111111111111111111111111111
11111111111111111111111111111111111111111111111111111
11111111111111111111111111111111111111111111111111111
11111111111111111111111111111111111111111111111111111
% 34
11111111111111111111111111111111111111111111111111111
11111111111111111111111111111111111111111111111111111
11111111111111111111111111111111111111111111111111111
11111111111111111111111111111111111111111111111111111
11111111111111111111111111111111111111111111111111111
11111111111111111111111111111111111111111111111111111
11111111111111111111111111111111111111111111111111111
11111111111111111111111111111111111111111111111111111
11111111111111111111111111111111111111111111111111111
11111111111111111111122222122222111111111111111111111
11111111111111111111222222222222211111111111111111111
11111111111111111112222222222222221111111111111111111
11111111111111111112222222222222221111111111111111111
11111111111111111112222222222222221111111111111111111
11111111111111111112222222222222221111111111111111111
11111111111111111111222222222222211111111111111111111
11111111111111111111122222122222111111111111111111111
11111111111111111111111111111111111111111111111111111
11111111111111111111111111111111111111111111111111111
11111111111111111111111111111111111111111111111111111
11111111111111111111111111111111111111111111111111111
11111111111111111111111111111111111111111111111111111
11111111111111111111111111111111111111111111111111111
11111111111111111111111111111111111111111111111111111
11111111111111111111111111111111111111111111111111111
11111111111111111111111111111111111111111111111111111
% 35
11111111111111111111111111111111111111111111111111111
11111111111111111111111111111111111111111111111111111
11111111111111111111111111111111111111111111111111111
11111111111111111111111111111111111111111111111111111
11111111111111111111111111111111111111111111111111111
11111111111111111111111111111111111111111111111111111
11111111111111111111111111111111111111111111111111111
11111111111111111111111111111111111111111111111111111
11111111111111111111111111111111111111111111111111111
11111111111111111111122221112222111111111111111111111
11111111111111111112222222122222221111111111111111111
11111111111111111122222222222222222111111111111111111
11111111111111111122222222222222222111111111111111111
11111111111111111122222222222222222111111111111111111
11111111111111111122222222222222222111111111111111111
11111111111111111112222222122222221111111111111111111
11111111111111111111122221112222111111111111111111111
11111111111111111111111111111111111111111111111111111
11111111111111111111111111111111111111111111111111111
11111111111111111111111111111111111111111111111111111
11111111111111111111111111111111111111111111111111111
11111111111111111111111111111111111111111111111111111
11111111111111111111111111111111111111111111111111111
11111111111111111111111111111111111111111111111111111
11111111111111111111111111111111111111111111111111111
11111111111111111111111111111111111111111111111111111
% 36
11111111111111111111111111111111111111111111111111111
11111111111111111111111111111111111111111111111111111
11111111111111111111111111111111111111111111111111111
11111111111111111111111111111111111111111111111111111
11111111111111111111111111111111111111111111111111111
11111111111111111111111111111111111111111111111111111
11111111111111111111111111111111111111111111111111111
11111111111111111111111111111111111111111111111111111
11111111111111111111111111111111111111111111111111111
11111111111111111111222211111222211111111111111111111
11111111111111111112222222122222221111111111111111111
11111111111111111122222222122222222111111111111111111
11111111111111111122222222222222222111111111111111111
11111111111111111122222222222222222111111111111111111
11111111111111111122222222122222222111111111111111111
11111111111111111112222222122222221111111111111111111
11111111111111111111222211111222211111111111111111111
11111111111111111111111111111111111111111111111111111
11111111111111111111111111111111111111111111111111111
11111111111111111111111111111111111111111111111111111
11111111111111111111111111111111111111111111111111111
11111111111111111111111111111111111111111111111111111
11111111111111111111111111111111111111111111111111111
11111111111111111111111111111111111111111111111111111
11111111111111111111111111111111111111111111111111111
11111111111111111111111111111111111111111111111111111
% 37
11111111111111111111111111111111111111111111111111111
11111111111111111111111111111111111111111111111111111
11111111111111111111111111111111111111111111111111111
11111111111111111111111111111111111111111111111111111
11111111111111111111111111111111111111111111111111111
11111111111111111111111111111111111111111111111111111
11111111111111111111111111111111111111111111111111111
11111111111111111111111111111111111111111111111111111
11111111111111111111111111111111111111111111111111111
11111111111111111112222211111222221111111111111111111
11111111111111111122222221112222222111111111111111111
11111111111111111222222222122222222211111111111111111
11111111111111111222222222122222222211111111111111111
11111111111111111222222222122222222211111111111111111
11111111111111111222222222122222222211111111111111111
11111111111111111122222221112222222111111111111111111
11111111111111111112222211111222221111111111111111111
11111111111111111111111111111111111111111111111111111
11111111111111111111111111111111111111111111111111111
11111111111111111111111111111111111111111111111111111
11111111111111111111111111111111111111111111111111111
11111111111111111111111111111111111111111111111111111
11111111111111111111111111111111111111111111111111111
11111111111111111111111111111111111111111111111111111
11111111111111111111111111111111111111111111111111111
11111111111111111111111111111111111111111111111111111
% 38
11111111111111111111111111111111111111111111111111111
11111111111111111111111111111111111111111111111111111
11111111111111111111111111111111111111111111111111111
11111111111111111111111111111111111111111111111111111
11111111111111111111111111111111111111111111111111111
11111111111111111111111111111111111111111111111111111
11111111111111111111111111111111111111111111111111111
11111111111111111111111111111111111111111111111111111
11111111111111111111111111111111111111111111111111111
11111111111111111112222111111122221111111111111111111
11111111111111111222222221112222222211111111111111111
11111111111111111222222221112222222211111111111111111
11111111111111112222222222122222222221111111111111111
11111111111111112222222222122222222221111111111111111
11111111111111111222222221112222222211111111111111111
11111111111111111222222221112222222211111111111111111
11111111111111111112222111111122221111111111111111111
11111111111111111111111111111111111111111111111111111
11111111111111111111111111111111111111111111111111111
11111111111111111111111111111111111111111111111111111
11111111111111111111111111111111111111111111111111111
11111111111111111111111111111111111111111111111111111
11111111111111111111111111111111111111111111111111111
11111111111111111111111111111111111111111111111111111
11111111111111111111111111111111111111111111111111111
11111111111111111111111111111111111111111111111111111
% 39
11111111111111111111111111111111111111111111111111111
11111111111111111111111111111111111111111111111111111
11111111111111111111111111111111111111111111111111111
11111111111111111111111111111111111111111111111111111
11111111111111111111111111111111111111111111111111111
11111111111111111111111111111111111111111111111111111
11111111111111111111111111111111111111111111111111111
11111111111111111111111111111111111111111111111111111
11111111111111111111111111111111111111111111111111111
11111111111111111122222111111122222111111111111111111
11111111111111111222222211111222222211111111111111111
11111111111111112222222221112222222221111111111111111
11111111111111112222222221112222222221111111111111111
11111111111111112222222221112222222221111111111111111
11111111111111112222222221112222222221111111111111111
11111111111111111222222211111222222211111111111111111
11111111111111111122222111111122222111111111111111111
11111111111111111111111111111111111111111111111111111
11111111111111111111111111111111111111111111111111111
11111111111111111111111111111111111111111111111111111
11111111111111111111111111111111111111111111111111111
11111111111111111111111111111111111111111111111111111
11111111111111111111111111111111111111111111111111111
11111111111111111111111111111111111111111111111111111
11111111111111111111111111111111111111111111111111111
11111111111111111111111111111111111111111111111111111
% 40
11111111111111111111111111111111111111111111111111111
11111111111111111111111111111111111111111111111111111
11111111111111111111111111111111111111111111111111111
11111111111111111111111111111111111111111111111111111
11111111111111111111111111111111111111111111111111111
11111111111111111111111111111111111111111111111111111
11111111111111111111111111111111111111111111111111111
11111111111111111111111111111111111111111111111111111
11111111111111111111111111111111111111111111111111111
11111111111111111122221111111112222111111111111111111
11111111111111112222222111111122222221111111111111111
11111111111111112222222211111222222221111111111111111
11111111111111122222222211111222222222111111111111111
11111111111111122222222211111222222222111111111111111
11111111111111112222222211111222222221111111111111111
11111111111111112222222111111122222221111111111111111
11111111111111111122221111111112222111111111111111111
11111111111111111111111111111111111111111111111111111
11111111111111111111111111111111111111111111111111111
11111111111111111111111111111111111111111111111111111
11111111111111111111111111111111111111111111111111111
11111111111111111111111111111111111111111111111111111
11111111111111111111111111111111111111111111111111111
11111111111111111111111111111111111111111111111111111
11111111111111111111111111111111111111111111111111111
11111111111111111111111111111111111111111111111111111
% 41
11111111111111111111111111111111111111111111111111111
11111111111111111111111111111111111111111111111111111
11111111111111111111111111111111111111111111111111111
11111111111111111111111111111111111111111111111111111
11111111111111111111111111111111111111111111111111111
11111111111111111111111111111111111111111111111111111
11111111111111111111111111111111111111111111111111111
11111111111111111111111111111111111111111111111111111
11111111111111111111111111111111111111111111111111111
11111111111111111222221111111112222211111111111111111
11111111111111112222222111111122222221111111111111111
11111111111111122222222211111222222222111111111111111
11111111111111122222222211111222222222111111111111111
11111111111111122222222211111222222222111111111111111
11111111111111122222222211111222222222111111111111111
11111111111111112222222111111122222221111111111111111
11111111111111111222221111111112222211111111111111111
11111111111111111111111111111111111111111111111111111
11111111111111111111111111111111111111111111111111111
11111111111111111111111111111111111111111111111111111
11111111111111111111111111111111111111111111111111111
11111111111111111111111111111111111111111111111111111
11111111111111111111111111111111111111111111111111111
11111111111111111111111111111111111111111111111111111
11111111111111111111111111111111111111111111111111111
11111111111111111111111111111111111111111111111111111
% 42
11111111111111111111111111111111111111111111111111111
11111111111111111111111111111111111111111111111111111
11111111111111111111111111111111111111111111111111111
11111111111111111111111111111111111111111111111111111
11111111111111111111111111111111111111111111111111111
11111111111111111111111111111111111111111111111111111
11111111111111111111111111111111111111111111111111111
11111111111111111111111111111111111111111111111111111
11111111111111111111111111111111111111111111111111111
11111111111111112222211111111111222221111111111111111
11111111111111122222221111111112222222111111111111111
11111111111111222222222111111122222222211111111111111
11111111111111222222222111111122222222211111111111111
11111111111111222222222111111122222222211111111111111
11111111111111222222222111111122222222211111111111111
11111111111111122222221111111112222222111111111111111
11111111111111112222211111111111222221111111111111111
11111111111111111111111111111111111111111111111111111
11111111111111111111111111111111111111111111111111111
11111111111111111111111111111111111111111111111111111
11111111111111111111111111111111111111111111111111111
11111111111111111111111111111111111111111111111111111
11111111111111111111111111111111111111111111111111111
11111111111111111111111111111111111111111111111111111
11111111111111111111111111111111111111111111111111111
11111111111111111111111111111111111111111111111111111
% 43
11111111111111111111111111111111111111111111111111111
11111111111111111111111111111111111111111111111111111
11111111111111111111111111111111111111111111111111111
11111111111111111111111111111111111111111111111111111
11111111111111111111111111111111111111111111111111111
11111111111111111111111111111111111111111111111111111
11111111111111111111111111111111111111111111111111111
11111111111111111111111111111111111111111111111111111
11111111111111111111111111111111111111111111111111111
11111111111111112222111111111111122221111111111111111
11111111111111122222221111111112222222111111111111111
11111111111111222222221111111112222222211111111111111
11111111111111222222222111111122222222211111111111111
11111111111111222222222111111122222222211111111111111
11111111111111222222221111111112222222211111111111111
11111111111111122222221111111112222222111111111111111
11111111111111112222111111111111122221111111111111111
11111111111111111111111111111111111111111111111111111
11111111111111111111111111111111111111111111111111111
11111111111111111111111111111111111111111111111111111
11111111111111111111111111111111111111111111111111111
11111111111111111111111111111111111111111111111111111
11111111111111111111111111111111111111111111111111111
11111111111111111111111111111111111111111111111111111
11111111111111111111111111111111111111111111111111111
11111111111111111111111111111111111111111111111111111
% 44
11111111111111111111111111111111111111111111111111111
11111111111111111111111111111111111111111111111111111
11111111111111111111111111111111111111111111111111111
11111111111111111111111111111111111111111111111111111
11111111111111111111111111111111111111111111111111111
11111111111111111111111111111111111111111111111111111
11111111111111111111111111111111111111111111111111111
11111111111111111111111111111111111111111111111111111
11111111111111111111111111111111111111111111111111111
11111111111111122222111111111111122222111111111111111
11111111111111222222211111111111222222211111111111111
11111111111112222222221111111112222222221111111111111
11111111111112222222221111111112222222221111111111111
11111111111112222222221111111112222222221111111111111
11111111111112222222221111111112222222221111111111111
11111111111111222222211111111111222222211111111111111
11111111111111122222111111111111122222111111111111111
11111111111111111111111111111111111111111111111111111
11111111111111111111111111111111111111111111111111111
11111111111111111111111111111111111111111111111111111
11111111111111111111111111111111111111111111111111111
11111111111111111111111111111111111111111111111111111
11111111111111111111111111111111111111111111111111111
11111111111111111111111111111111111111111111111111111
11111111111111111111111111111111111111111111111111111
11111111111111111111111111111111111111111111111111111
% 45
11111111111111111111111111111111111111111111111111111
11111111111111111111111111111111111111111111111111111
11111111111111111111111111111111111111111111111111111
11111111111111111111111111111111111111111111111111111
11111111111111111111111111111111111111111111111111111
11111111111111111111111111111111111111111111111111111
11111111111111111111111111111111111111111111111111111
11111111111111111111111111111111111111111111111111111
11111111111111111111111111111111111111111111111111111
11111111111111122221111111111111112222111111111111111
11111111111112222222211111111111222222221111111111111
11111111111112222222211111111111222222221111111111111
11111111111122222222221111111112222222222111111111111
11111111111122222222221111111112222222222111111111111
11111111111112222222211111111111222222221111111111111
11111111111112222222211111111111222222221111111111111
11111111111111122221111111111111112222111111111111111
11111111111111111111111111111111111111111111111111111
11111111111111111111111111111111111111111111111111111
11111111111111111111111111111111111111111111111111111
11111111111111111111111111111111111111111111111111111
11111111111111111111111111111111111111111111111111111
11111111111111111111111111111111111111111111111111111
11111111111111111111111111111111111111111111111111111
11111111111111111111111111111111111111111111111111111
11111111111111111111111111111111111111111111111111111
% 46
11111111111111111111111111111111111111111111111111111
11111111111111111111111111111111111111111111111111111
11111111111111111111111111111111111111111111111111111
11111111111111111111111111111111111111111111111111111
11111111111111111111111111111111111111111111111111111
11111111111111111111111111111111111111111111111111111
11111111111111111111111111111111111111111111111111111
11111111111111111111111111111111111111111111111111111
11111111111111111111111111111111111111111111111111111
11111111111111222221111111111111112222211111111111111
11111111111112222222111111111111122222221111111111111
11111111111122222222211111111111222222222111111111111
11111111111122222222211111111111222222222111111111111
11111111111122222222211111111111222222222111111111111
11111111111122222222211111111111222222222111111111111
11111111111112222222111111111111122222221111111111111
11111111111111222221111111111111112222211111111111111
11111111111111111111111111111111111111111111111111111
11111111111111111111111111111111111111111111111111111
11111111111111111111111111111111111111111111111111111
11111111111111111111111111111111111111111111111111111
11111111111111111111111111111111111111111111111111111
11111111111111111111111111111111111111111111111111111
11111111111111111111111111111111111111111111111111111
11111111111111111111111111111111111111111111111111111
11111111111111111111111111111111111111111111111111111
% 47
11111111111111111111111111111111111111111111111111111
11111111111111111111111111111111111111111111111111111
11111111111111111111111111111111111111111111111111111
11111111111111111111111111111111111111111111111111111
11111111111111111111111111111111111111111111111111111
11111111111111111111111111111111111111111111111111111
11111111111111111111111111111111111111111111111111111
11111111111111111111111111111111111111111111111111111
11111111111111111111111111111111111111111111111111111
11111111111111222211111111111111111222211111111111111
11111111111122222221111111111111112222222111111111111
11111111111122222222111111111111122222222111111111111
11111111111222222222111111111111122222222211111111111
11111111111222222222111111111111122222222211111111111
11111111111122222222111111111111122222222111111111111
11111111111122222221111111111111112222222111111111111
11111111111111222211111111111111111222211111111111111
11111111111111111111111111111111111111111111111111111
11111111111111111111111111111111111111111111111111111
11111111111111111111111111111111111111111111111111111
11111111111111111111111111111111111111111111111111111
11111111111111111111111111111111111111111111111111111
11111111111111111111111111111111111111111111111111111
11111111111111111111111111111111111111111111111111111
11111111111111111111111111111111111111111111111111111
11111111111111111111111111111111111111111111111111111
% 48
11111111111111111111111111111111111111111111111111111
11111111111111111111111111111111111111111111111111111
11111111111111111111111111111111111111111111111111111
11111111111111111111111111111111111111111111111111111
11111111111111111111111111111111111111111111111111111
11111111111111111111111111111111111111111111111111111
11111111111111111111111111111111111111111111111111111
11111111111111111111111111111111111111111111111111111
11111111111111111111111111111111111111111111111111111
11111111111112222111111111111111111122221111111111111
11111111111122222221111111111111112222222111111111111
11111111111222222222111111111111122222222211111111111
11111111111222222222111111111111122222222211111111111
11111111111222222222111111111111122222222211111111111
11111111111222222222111111111111122222222211111111111
11111111111122222221111111111111112222222111111111111
11111111111112222111111111111111111122221111111111111
11111111111111111111111111111111111111111111111111111
11111111111111111111111111111111111111111111111111111
11111111111111111111111111111111111111111111111111111
11111111111111111111111111111111111111111111111111111
11111111111111111111111111111111111111111111111111111
11111111111111111111111111111111111111111111111111111
11111111111111111111111111111111111111111111111111111
11111111111111111111111111111111111111111111111111111
11111111111111111111111111111111111111111111111111111
% 49
11111111111111111111111111111111111111111111111111111
11111111111111111111111111111111111111111111111111111
11111111111111111111111111111111111111111111111111111
11111111111111111111111111111111111111111111111111111
11111111111111111111111111111111111111111111111111111
11111111111111111111111111111111111111111111111111111
11111111111111111111111111111111111111111111111111111
11111111111111111111111111111111111111111111111111111
11111111111111111111111111111111111111111111111111111
11111111111122222111111111111111111122222111111111111
11111111111222222211111111111111111222222211111111111
11111111112222222221111111111111112222222221111111111
11111111112222222221111111111111112222222221111111111
11111111112222222221111111111111112222222221111111111
11111111112222222221111111111111112222222221111111111
11111111111222222211111111111111111222222211111111111
11111111111122222111111111111111111122222111111111111
11111111111111111111111111111111111111111111111111111
11111111111111111111111111111111111111111111111111111
11111111111111111111111111111111111111111111111111111
11111111111111111111111111111111111111111111111111111
11111111111111111111111111111111111111111111111111111
11111111111111111111111111111111111111111111111111111
11111111111111111111111111111111111111111111111111111
11111111111111111111111111111111111111111111111111111
11111111111111111111111111111111111111111111111111111
% 50
11111111111111111111111111111111111111111111111111111
11111111111111111111111111111111111111111111111111111
11111111111111111111111111111111111111111111111111111
11111111111111111111111111111111111111111111111111111
11111111111111111111111111111111111111111111111111111
11111111111111111111111111111111111111111111111111111
11111111111111111111111111111111111111111111111111111
11111111111111111111111111111111111111111111111111111
11111111111111111111111111111111111111111111111111111
11111111111122221111111111111111111112222111111111111
11111111112222222211111111111111111222222221111111111
11111111112222222211111111111111111222222221111111111
11111111112222222221111111111111112222222221111111111
11111111112222222221111111111111112222222221111111111
11111111112222222211111111111111111222222221111111111
11111111112222222211111111111111111222222221111111111
11111111111122221111111111111111111112222111111111111
11111111111111111111111111111111111111111111111111111
11111111111111111111111111111111111111111111111111111
11111111111111111111111111111111111111111111111111111
11111111111111111111111111111111111111111111111111111
11111111111111111111111111111111111111111111111111111
11111111111111111111111111111111111111111111111111111
11111111111111111111111111111111111111111111111111111
11111111111111111111111111111111111111111111111111111
11111111111111111111111111111111111111111111111111111
% 51
11111111111111111111111111111111111111111111111111111
11111111111111111111111111111111111111111111111111111
11111111111111111111111111111111111111111111111111111
11111111111111111111111111111111111111111111111111111
11111111111111111111111111111111111111111111111111111
11111111111111111111111111111111111111111111111111111
11111111111111111111111111111111111111111111111111111
11111111111111111111111111111111111111111111111111111
11111111111111111111111111111111111111111111111111111
11111111111222221111111111111111111112222211111111111
11111111112222222111111111111111111122222221111111111
11111111122222222211111111111111111222222222111111111
11111111122222222211111111111111111222222222111111111
11111111122222222211111111111111111222222222111111111
11111111122222222211111111111111111222222222111111111
11111111112222222111111111111111111122222221111111111
11111111111222221111111111111111111112222211111111111
11111111111111111111111111111111111111111111111111111
11111111111111111111111111111111111111111111111111111
11111111111111111111111111111111111111111111111111111
11111111111111111111111111111111111111111111111111111
11111111111111111111111111111111111111111111111111111
11111111111111111111111111111111111111111111111111111
11111111111111111111111111111111111111111111111111111
11111111111111111111111111111111111111111111111111111
11111111111111111111111111111111111111111111111111111
% 52
11111111111111111111111111111111111111111111111111111
11111111111111111111111111111111111111111111111111111
11111111111111111111111111111111111111111111111111111
11111111111111111111111111111111111111111111111111111
11111111111111111111111111111111111111111111111111111
11111111111111111111111111111111111111111111111111111
11111111111111111111111111111111111111111111111111111
11111111111111111111111111111111111111111111111111111
11111111111111111111111111111111111111111111111111111
11111111111222211111111111111111111111222211111111111
11111111122222222111111111111111111122222222111111111
11111111122222222111111111111111111122222222111111111
11111111222222222211111111111111111222222222211111111
11111111222222222211111111111111111222222222211111111
11111111122222222111111111111111111122222222111111111
11111111122222222111111111111111111122222222111111111
11111111111222211111111111111111111111222211111111111
11111111111111111111111111111111111111111111111111111
11111111111111111111111111111111111111111111111111111
11111111111111111111111111111111111111111111111111111
11111111111111111111111111111111111111111111111111111
11111111111111111111111111111111111111111111111111111
11111111111111111111111111111111111111111111111111111
11111111111111111111111111111111111111111111111111111
11111111111111111111111111111111111111111111111111111
11111111111111111111111111111111111111111111111111111
% 53
11111111111111111111111111111111111111111111111111111
11111111111111111111111111111111111111111111111111111
11111111111111111111111111111111111111111111111111111
11111111111111111111111111111111111111111111111111111
11111111111111111111111111111111111111111111111111111
11111111111111111111111111111111111111111111111111111
11111111111111111111111111111111111111111111111111111
11111111111111111111111111111111111111111111111111111
11111111111111111111111111111111111111111111111111111
11111111112222211111111111111111111111222221111111111
11111111122222221111111111111111111112222222111111111
11111111222222222111111111111111111122222222211111111
11111111222222222111111111111111111122222222211111111
11111111222222222111111111111111111122222222211111111
11111111222222222111111111111111111122222222211111111
11111111122222221111111111111111111112222222111111111
11111111112222211111111111111111111111222221111111111
11111111111111111111111111111111111111111111111111111
11111111111111111111111111111111111111111111111111111
11111111111111111111111111111111111111111111111111111
11111111111111111111111111111111111111111111111111111
11111111111111111111111111111111111111111111111111111
11111111111111111111111111111111111111111111111111111
11111111111111111111111111111111111111111111111111111
11111111111111111111111111111111111111111111111111111
11111111111111111111111111111111111111111111111111111
% 54
99999999999999999999999999999999999999999999999999999
99999999999999999999999999999999999999999999999999999
99999999999999999999999999999999999999999999999999999
99999999999999999999999999999999999999999999999999999
99999999999999999999999999999999999999999999999999999
99999999999999999999999999999999999999999999999999999
99999999999999999999999999999999999999999999999999999
99999999999999999999999999999999999999999999999999999
99999999999999999999999999999999999999999999999999999
99999999999999999999999999999999999999999999999999999
99999999999999999999999999999999999999999999999999999
99999999999999999999999999999999999999999999999999999
99999999999999999999999999999999999999999999999999999
99999999999999999999999999999999999999999999999999999
99999999999999999999999999999999999999999999999999999
99999999999999999999999999999999999999999999999999999
99999999999999999999999999999999999999999999999999999
99999999999999999999999999999999999999999999999999999
99999999999999999999999999999999999999999999999999999
99999999999999999999999999999999999999999999999999999
99999999999999999999999999999999999999999999999999999
99999999999999999999999999999999999999999999999999999
99999999999999999999999999999999999999999999999999999
99999999999999999999999999999999999999999999999999999
99999999999999999999999999999999999999999999999999999
99999999999999999999999999999999999999999999999999999
% 55
99999999999999999999999999999999999999999999999999999
99999999999999999999999999999999999999999999999999999
99999999999999999999999999999999999999999999999999999
99999999999999999999999999999999999999999999999999999
99999999999999999999999999999999999999999999999999999
99999999999999999999999999999999999999999999999999999
99999999999999999999999999999999999999999999999999999
99999999999999999999999999999999999999999999999999999
99999999999999999999999999999999999999999999999999999
99999999999999999999999999999999999999999999999999999
99999999999999999999999999999999999999999999999999999
99999999999999999999999999999999999999999999999999999
99999999999999999999999999999999999999999999999999999
99999999999999999999999999999999999999999999999999999
99999999999999999999999999999999999999999999999999999
99999999999999999999999999999999999999999999999999999
99999999999999999999999999999999999999999999999999999
99999999999999999999999999999999999999999999999999999
99999999999999999999999999999999999999999999999999999
99999999999999999999999999999999999999999999999999999
99999999999999999999999999999999999999999999999999999
99999999999999999999999999999999999999999999999999999
99999999999999999999999999999999999999999999999999999
99999999999999999999999999999999999999999999999999999
99999999999999999999999999999999999999999999999999999
99999999999999999999999999999999999999999999999999999
% 56
99999999999999999999999999999999999999999999999999999
99999999999999999999999999999999999999999999999999999
99999999999999999999999999999999999999999999999999999
99999999999999999999999999999999999999999999999999999
99999999999999999999999999999999999999999999999999999
99999999999999999999999999999999999999999999999999999
99999999999999999999999999999999999999999999999999999
99999999999999999999999999999999999999999999999999999
99999999999999999999999999999999999999999999999999999
99999999999999999999999999999999999999999999999999999
99999999999999999999999999999999999999999999999999999
99999999999999999999999999999999999999999999999999999
99999999999999999999999999999999999999999999999999999
99999999999999999999999999999999999999999999999999999
99999999999999999999999999999999999999999999999999999
99999999999999999999999999999999999999999999999999999
99999999999999999999999999999999999999999999999999999
99999999999999999999999999999999999999999999999999999
99999999999999999999999999999999999999999999999999999
99999999999999999999999999999999999999999999999999999
99999999999999999999999999999999999999999999999999999
99999999999999999999999999999999999999999999999999999
99999999999999999999999999999999999999999999999999999
99999999999999999999999999999999999999999999999999999
99999999999999999999999999999999999999999999999999999
99999999999999999999999999999999999999999999999999999
