     0.000      0.477
     0.010      0.472
     0.020      0.467
     0.030      0.462
     0.040      0.457
     0.050      0.452
     0.060      0.448
     0.070      0.443
     0.080      0.438
     0.090      0.434
     0.100      0.429
     0.110      0.424
     0.120      0.420
     0.130      0.415
     0.140      0.411
     0.150      0.406
     0.160      0.402
     0.170      0.398
     0.180      0.393
     0.190      0.389
     0.200      0.385
     0.210      0.381
     0.220      0.377
     0.230      0.373
     0.240      0.369
     0.250      0.365
     0.260      0.361
     0.270      0.357
     0.280      0.353
     0.290      0.349
     0.300      0.345
     0.310      0.342
     0.320      0.338
     0.330      0.334
     0.340      0.331
     0.350      0.327
     0.360      0.324
     0.370      0.320
     0.380      0.317
     0.390      0.313
     0.400      0.310
     0.410      0.307
     0.420      0.304
     0.430      0.300
     0.440      0.297
     0.450      0.294
     0.460      0.291
     0.470      0.288
     0.480      0.285
     0.490      0.282
     0.500      0.279
     0.510      0.276
     0.520      0.273
     0.530      0.271
     0.540      0.268
     0.550      0.265
     0.560      0.263
     0.570      0.260
     0.580      0.257
     0.590      0.255
     0.600      0.252
     0.610      0.250
     0.620      0.247
     0.630      0.245
     0.640      0.242
     0.650      0.240
     0.660      0.238
     0.670      0.235
     0.680      0.233
     0.690      0.231
     0.700      0.228
     0.710      0.226
     0.720      0.224
     0.730      0.222
     0.740      0.219
     0.750      0.217
     0.760      0.215
     0.770      0.213
     0.780      0.211
     0.790      0.208
     0.800      0.206
     0.810      0.204
     0.820      0.202
     0.830      0.200
     0.840      0.197
     0.850      0.195
     0.860      0.193
     0.870      0.191
     0.880      0.189
     0.890      0.187
     0.900      0.185
     0.910      0.183
     0.920      0.181
     0.930      0.179
     0.940      0.177
     0.950      0.175
     0.960      0.173
     0.970      0.171
     0.980      0.170
     0.990      0.168
     1.000      0.166
     1.010      0.164
     1.020      0.162
     1.030      0.160
     1.040      0.159
     1.050      0.157
     1.060      0.155
     1.070      0.154
     1.080      0.152
     1.090      0.150
     1.100      0.149
     1.110      0.147
     1.120      0.146
     1.130      0.144
     1.140      0.143
     1.150      0.141
     1.160      0.140
     1.170      0.138
     1.180      0.137
     1.190      0.135
     1.200      0.134
     1.210      0.132
     1.220      0.131
     1.230      0.130
     1.240      0.128
     1.250      0.127
     1.260      0.126
     1.270      0.124
     1.280      0.123
     1.290      0.122
     1.300      0.121
     1.310      0.119
     1.320      0.118
     1.330      0.117
     1.340      0.116
     1.350      0.115
     1.360      0.114
     1.370      0.113
     1.380      0.111
     1.390      0.110
     1.400      0.109
     1.410      0.108
     1.420      0.107
     1.430      0.106
     1.440      0.105
     1.450      0.104
     1.460      0.103
     1.470      0.102
     1.480      0.101
     1.490      0.100
     1.500      0.099
     1.510      0.098
     1.520      0.097
     1.530      0.096
     1.540      0.095
     1.550      0.094
     1.560      0.093
     1.570      0.092
     1.580      0.091
     1.590      0.090
     1.600      0.089
     1.610      0.088
     1.620      0.087
     1.630      0.086
     1.640      0.085
     1.650      0.084
     1.660      0.083
     1.670      0.082
     1.680      0.081
     1.690      0.080
     1.700      0.079
     1.710      0.078
     1.720      0.077
     1.730      0.076
     1.740      0.075
     1.750      0.074
     1.760      0.073
     1.770      0.072
     1.780      0.071
     1.790      0.070
     1.800      0.069
     1.810      0.069
     1.820      0.068
     1.830      0.067
     1.840      0.066
     1.850      0.065
     1.860      0.064
     1.870      0.064
     1.880      0.063
     1.890      0.062
     1.900      0.061
     1.910      0.060
     1.920      0.060
     1.930      0.059
     1.940      0.058
     1.950      0.057
     1.960      0.057
     1.970      0.056
     1.980      0.055
     1.990      0.055
     2.000      0.054
     2.010      0.053
     2.020      0.053
     2.030      0.052
     2.040      0.052
     2.050      0.051
     2.060      0.050
     2.070      0.050
     2.080      0.049
     2.090      0.048
     2.100      0.048
     2.110      0.047
     2.120      0.047
     2.130      0.046
     2.140      0.046
     2.150      0.045
     2.160      0.045
     2.170      0.044
     2.180      0.044
     2.190      0.044
     2.200      0.043
     2.210      0.043
     2.220      0.042
     2.230      0.042
     2.240      0.042
     2.250      0.041
     2.260      0.041
     2.270      0.040
     2.280      0.040
     2.290      0.040
     2.300      0.039
     2.310      0.039
     2.320      0.038
     2.330      0.038
     2.340      0.037
     2.350      0.037
     2.360      0.037
     2.370      0.036
     2.380      0.036
     2.390      0.035
     2.400      0.035
     2.410      0.034
     2.420      0.034
     2.430      0.033
     2.440      0.033
     2.450      0.032
     2.460      0.032
     2.470      0.032
     2.480      0.031
     2.490      0.031
     2.500      0.030
     2.510      0.030
     2.520      0.029
     2.530      0.029
     2.540      0.028
     2.550      0.028
     2.560      0.028
     2.570      0.027
     2.580      0.027
     2.590      0.026
     2.600      0.026
     2.610      0.026
     2.620      0.025
     2.630      0.025
     2.640      0.025
     2.650      0.024
     2.660      0.024
     2.670      0.023
     2.680      0.023
     2.690      0.023
     2.700      0.022
     2.710      0.022
     2.720      0.022
     2.730      0.021
     2.740      0.021
     2.750      0.020
     2.760      0.020
     2.770      0.020
     2.780      0.019
     2.790      0.019
     2.800      0.018
     2.810      0.018
     2.820      0.018
     2.830      0.017
     2.840      0.017
     2.850      0.016
     2.860      0.016
     2.870      0.016
     2.880      0.015
     2.890      0.015
     2.900      0.014
     2.910      0.014
     2.920      0.014
     2.930      0.013
     2.940      0.013
     2.950      0.013
     2.960      0.013
     2.970      0.012
     2.980      0.012
     2.990      0.012
     3.000      0.011
     3.010      0.011
     3.020      0.011
     3.030      0.010
     3.040      0.010
     3.050      0.010
     3.060      0.009
     3.070      0.009
     3.080      0.008
     3.090      0.008
     3.100      0.007
     3.110      0.007
     3.120      0.007
     3.130      0.006
     3.140      0.006
     3.150      0.005
     3.160      0.005
     3.170      0.004
     3.180      0.004
     3.190      0.004
     3.200      0.003
     3.210      0.003
     3.220      0.002
     3.230      0.002
     3.240      0.002
     3.250      0.001
     3.260      0.001
     3.270      0.001
     3.280      0.000
     3.290      0.000
     3.300     -0.000
     3.310     -0.001
     3.320     -0.001
     3.330     -0.001
     3.340     -0.001
     3.350     -0.002
     3.360     -0.002
     3.370     -0.002
     3.380     -0.002
     3.390     -0.003
     3.400     -0.003
     3.410     -0.003
     3.420     -0.003
     3.430     -0.004
     3.440     -0.004
     3.450     -0.004
     3.460     -0.004
     3.470     -0.005
     3.480     -0.005
     3.490     -0.005
     3.500     -0.006
     3.510     -0.006
     3.520     -0.006
     3.530     -0.006
     3.540     -0.007
     3.550     -0.007
     3.560     -0.007
     3.570     -0.007
     3.580     -0.007
     3.590     -0.008
     3.600     -0.008
     3.610     -0.008
     3.620     -0.008
     3.630     -0.008
     3.640     -0.008
     3.650     -0.008
     3.660     -0.009
     3.670     -0.009
     3.680     -0.009
     3.690     -0.009
     3.700     -0.009
     3.710     -0.009
     3.720     -0.009
     3.730     -0.009
     3.740     -0.009
     3.750     -0.010
     3.760     -0.010
     3.770     -0.010
     3.780     -0.010
     3.790     -0.010
     3.800     -0.010
     3.810     -0.010
     3.820     -0.011
     3.830     -0.011
     3.840     -0.011
     3.850     -0.011
     3.860     -0.011
     3.870     -0.011
     3.880     -0.011
     3.890     -0.012
     3.900     -0.012
     3.910     -0.012
     3.920     -0.012
     3.930     -0.012
     3.940     -0.012
     3.950     -0.013
     3.960     -0.013
     3.970     -0.013
     3.980     -0.013
     3.990     -0.013
     4.000     -0.013
     4.010     -0.013
     4.020     -0.013
     4.030     -0.013
     4.040     -0.013
     4.050     -0.013
     4.060     -0.013
     4.070     -0.013
     4.080     -0.013
     4.090     -0.013
     4.100     -0.013
     4.110     -0.013
     4.120     -0.013
     4.130     -0.013
     4.140     -0.013
     4.150     -0.013
     4.160     -0.013
     4.170     -0.013
     4.180     -0.013
     4.190     -0.013
     4.200     -0.013
     4.210     -0.013
     4.220     -0.013
     4.230     -0.013
     4.240     -0.013
     4.250     -0.013
     4.260     -0.014
     4.270     -0.014
     4.280     -0.014
     4.290     -0.014
     4.300     -0.014
     4.310     -0.014
     4.320     -0.014
     4.330     -0.015
     4.340     -0.015
     4.350     -0.015
     4.360     -0.015
     4.370     -0.015
     4.380     -0.015
     4.390     -0.016
     4.400     -0.016
     4.410     -0.016
     4.420     -0.016
     4.430     -0.016
     4.440     -0.016
     4.450     -0.016
     4.460     -0.017
     4.470     -0.017
     4.480     -0.017
     4.490     -0.017
     4.500     -0.017
     4.510     -0.017
     4.520     -0.017
     4.530     -0.018
     4.540     -0.018
     4.550     -0.018
     4.560     -0.018
     4.570     -0.018
     4.580     -0.018
     4.590     -0.018
     4.600     -0.018
     4.610     -0.018
     4.620     -0.018
     4.630     -0.018
     4.640     -0.018
     4.650     -0.018
     4.660     -0.018
     4.670     -0.018
     4.680     -0.018
     4.690     -0.018
     4.700     -0.018
     4.710     -0.018
     4.720     -0.018
     4.730     -0.018
     4.740     -0.018
     4.750     -0.018
     4.760     -0.018
     4.770     -0.018
     4.780     -0.018
     4.790     -0.018
     4.800     -0.018
     4.810     -0.018
     4.820     -0.018
     4.830     -0.018
     4.840     -0.018
     4.850     -0.018
     4.860     -0.018
     4.870     -0.018
     4.880     -0.018
     4.890     -0.018
     4.900     -0.018
     4.910     -0.018
     4.920     -0.018
     4.930     -0.018
     4.940     -0.018
     4.950     -0.018
     4.960     -0.018
     4.970     -0.018
     4.980     -0.018
     4.990     -0.018
     5.000     -0.018
     5.010     -0.018
     5.020     -0.018
     5.030     -0.018
     5.040     -0.017
     5.050     -0.017
     5.060     -0.017
     5.070     -0.017
     5.080     -0.017
     5.090     -0.017
     5.100     -0.017
     5.110     -0.017
     5.120     -0.017
     5.130     -0.017
     5.140     -0.017
     5.150     -0.017
     5.160     -0.017
     5.170     -0.017
     5.180     -0.017
     5.190     -0.017
     5.200     -0.017
     5.210     -0.018
     5.220     -0.018
     5.230     -0.018
     5.240     -0.018
     5.250     -0.018
     5.260     -0.018
     5.270     -0.018
     5.280     -0.018
     5.290     -0.018
     5.300     -0.018
     5.310     -0.018
     5.320     -0.018
     5.330     -0.018
     5.340     -0.018
     5.350     -0.018
     5.360     -0.018
     5.370     -0.019
     5.380     -0.019
     5.390     -0.019
     5.400     -0.019
     5.410     -0.019
     5.420     -0.019
     5.430     -0.019
     5.440     -0.019
     5.450     -0.020
     5.460     -0.020
     5.470     -0.020
     5.480     -0.020
     5.490     -0.020
     5.500     -0.020
     5.510     -0.020
     5.520     -0.020
     5.530     -0.020
     5.540     -0.020
     5.550     -0.020
     5.560     -0.020
     5.570     -0.020
     5.580     -0.020
     5.590     -0.020
     5.600     -0.020
     5.610     -0.020
     5.620     -0.020
     5.630     -0.020
     5.640     -0.020
     5.650     -0.020
     5.660     -0.020
     5.670     -0.020
     5.680     -0.020
     5.690     -0.020
     5.700     -0.020
     5.710     -0.020
     5.720     -0.020
     5.730     -0.020
     5.740     -0.020
     5.750     -0.020
     5.760     -0.020
     5.770     -0.020
     5.780     -0.020
     5.790     -0.020
     5.800     -0.020
     5.810     -0.020
     5.820     -0.020
     5.830     -0.020
     5.840     -0.020
     5.850     -0.020
     5.860     -0.020
     5.870     -0.020
     5.880     -0.020
     5.890     -0.020
     5.900     -0.020
     5.910     -0.020
     5.920     -0.020
     5.930     -0.020
     5.940     -0.020
     5.950     -0.020
     5.960     -0.020
     5.970     -0.019
     5.980     -0.019
     5.990     -0.019
     6.000     -0.019
     6.010     -0.019
     6.020     -0.019
     6.030     -0.018
     6.040     -0.018
     6.050     -0.018
     6.060     -0.018
     6.070     -0.018
     6.080     -0.018
     6.090     -0.017
     6.100     -0.017
     6.110     -0.017
     6.120     -0.017
     6.130     -0.017
     6.140     -0.017
     6.150     -0.017
     6.160     -0.017
     6.170     -0.017
     6.180     -0.017
     6.190     -0.017
     6.200     -0.017
     6.210     -0.017
     6.220     -0.016
     6.230     -0.016
     6.240     -0.016
     6.250     -0.016
     6.260     -0.016
     6.270     -0.016
     6.280     -0.016
     6.290     -0.016
     6.300     -0.016
     6.310     -0.016
     6.320     -0.016
     6.330     -0.016
     6.340     -0.016
     6.350     -0.016
     6.360     -0.016
     6.370     -0.016
     6.380     -0.016
     6.390     -0.016
     6.400     -0.016
     6.410     -0.015
     6.420     -0.015
     6.430     -0.015
     6.440     -0.015
     6.450     -0.015
     6.460     -0.015
     6.470     -0.015
     6.480     -0.015
     6.490     -0.015
     6.500     -0.015
     6.510     -0.015
     6.520     -0.015
     6.530     -0.015
     6.540     -0.015
     6.550     -0.015
     6.560     -0.015
     6.570     -0.015
     6.580     -0.015
     6.590     -0.015
     6.600     -0.015
     6.610     -0.015
     6.620     -0.015
     6.630     -0.015
     6.640     -0.015
     6.650     -0.015
     6.660     -0.015
     6.670     -0.015
     6.680     -0.015
     6.690     -0.015
     6.700     -0.015
     6.710     -0.015
     6.720     -0.014
     6.730     -0.014
     6.740     -0.014
     6.750     -0.014
     6.760     -0.014
     6.770     -0.014
     6.780     -0.014
     6.790     -0.014
     6.800     -0.014
     6.810     -0.014
     6.820     -0.013
     6.830     -0.013
     6.840     -0.013
     6.850     -0.013
     6.860     -0.013
     6.870     -0.013
     6.880     -0.012
     6.890     -0.012
     6.900     -0.012
     6.910     -0.012
     6.920     -0.011
     6.930     -0.011
     6.940     -0.011
     6.950     -0.011
     6.960     -0.010
     6.970     -0.010
     6.980     -0.010
     6.990     -0.010
     7.000     -0.009
     7.010     -0.009
     7.020     -0.009
     7.030     -0.009
     7.040     -0.008
     7.050     -0.008
     7.060     -0.008
     7.070     -0.008
     7.080     -0.008
     7.090     -0.007
     7.100     -0.007
     7.110     -0.007
     7.120     -0.007
     7.130     -0.007
     7.140     -0.007
     7.150     -0.006
     7.160     -0.006
     7.170     -0.006
     7.180     -0.006
     7.190     -0.006
     7.200     -0.005
     7.210     -0.005
     7.220     -0.005
     7.230     -0.005
     7.240     -0.004
     7.250     -0.004
     7.260     -0.004
     7.270     -0.004
     7.280     -0.004
     7.290     -0.003
     7.300     -0.003
     7.310     -0.003
     7.320     -0.003
     7.330     -0.003
     7.340     -0.003
     7.350     -0.003
     7.360     -0.002
     7.370     -0.002
     7.380     -0.002
     7.390     -0.002
     7.400     -0.002
     7.410     -0.002
     7.420     -0.001
     7.430     -0.001
     7.440     -0.001
     7.450     -0.001
     7.460     -0.001
     7.470     -0.000
     7.480     -0.000
     7.490     -0.000
     7.500      0.000
     7.510      0.000
     7.520      0.000
     7.530      0.000
     7.540      0.001
     7.550      0.001
     7.560      0.001
     7.570      0.001
     7.580      0.001
     7.590      0.001
     7.600      0.001
     7.610      0.001
     7.620      0.001
     7.630      0.001
     7.640      0.002
     7.650      0.002
     7.660      0.002
     7.670      0.002
     7.680      0.002
     7.690      0.002
     7.700      0.002
     7.710      0.002
     7.720      0.003
     7.730      0.003
     7.740      0.003
     7.750      0.003
     7.760      0.003
     7.770      0.003
     7.780      0.004
     7.790      0.004
     7.800      0.004
     7.810      0.004
     7.820      0.004
     7.830      0.004
     7.840      0.005
     7.850      0.005
     7.860      0.005
     7.870      0.005
     7.880      0.005
     7.890      0.005
     7.900      0.005
     7.910      0.005
     7.920      0.005
     7.930      0.005
     7.940      0.005
     7.950      0.005
     7.960      0.006
     7.970      0.006
     7.980      0.006
     7.990      0.006
     8.000      0.006
     8.010      0.006
     8.020      0.006
     8.030      0.006
     8.040      0.006
     8.050      0.006
     8.060      0.006
     8.070      0.006
     8.080      0.006
     8.090      0.006
     8.100      0.006
     8.110      0.006
     8.120      0.006
     8.130      0.006
     8.140      0.007
     8.150      0.007
     8.160      0.007
     8.170      0.007
     8.180      0.007
     8.190      0.007
     8.200      0.007
     8.210      0.007
     8.220      0.007
     8.230      0.007
     8.240      0.007
     8.250      0.007
     8.260      0.007
     8.270      0.007
     8.280      0.007
     8.290      0.007
     8.300      0.007
     8.310      0.007
     8.320      0.007
     8.330      0.007
     8.340      0.007
     8.350      0.007
     8.360      0.007
     8.370      0.007
     8.380      0.007
     8.390      0.007
     8.400      0.006
     8.410      0.006
     8.420      0.006
     8.430      0.006
     8.440      0.006
     8.450      0.006
     8.460      0.006
     8.470      0.006
     8.480      0.006
     8.490      0.005
     8.500      0.005
     8.510      0.005
     8.520      0.005
     8.530      0.005
     8.540      0.005
     8.550      0.005
     8.560      0.004
     8.570      0.004
     8.580      0.004
     8.590      0.004
     8.600      0.004
     8.610      0.004
     8.620      0.004
     8.630      0.003
     8.640      0.003
     8.650      0.003
     8.660      0.003
     8.670      0.003
     8.680      0.003
     8.690      0.003
     8.700      0.002
     8.710      0.002
     8.720      0.002
     8.730      0.002
     8.740      0.002
     8.750      0.002
     8.760      0.001
     8.770      0.001
     8.780      0.001
     8.790      0.001
     8.800      0.001
     8.810      0.000
     8.820      0.000
     8.830      0.000
     8.840     -0.000
     8.850     -0.000
     8.860     -0.000
     8.870     -0.001
     8.880     -0.001
     8.890     -0.001
     8.900     -0.001
     8.910     -0.001
     8.920     -0.001
     8.930     -0.001
     8.940     -0.001
     8.950     -0.001
     8.960     -0.002
     8.970     -0.002
     8.980     -0.002
     8.990     -0.002
     9.000     -0.002
     9.010     -0.002
     9.020     -0.002
     9.030     -0.003
     9.040     -0.003
     9.050     -0.003
     9.060     -0.003
     9.070     -0.003
     9.080     -0.003
     9.090     -0.004
     9.100     -0.004
     9.110     -0.004
     9.120     -0.004
     9.130     -0.004
     9.140     -0.004
     9.150     -0.005
     9.160     -0.005
     9.170     -0.005
     9.180     -0.005
     9.190     -0.005
     9.200     -0.005
     9.210     -0.006
     9.220     -0.006
     9.230     -0.006
     9.240     -0.006
     9.250     -0.006
     9.260     -0.007
     9.270     -0.007
     9.280     -0.007
     9.290     -0.007
     9.300     -0.007
     9.310     -0.007
     9.320     -0.007
     9.330     -0.008
     9.340     -0.008
     9.350     -0.008
     9.360     -0.008
     9.370     -0.008
     9.380     -0.008
     9.390     -0.008
     9.400     -0.009
     9.410     -0.009
     9.420     -0.009
     9.430     -0.009
     9.440     -0.009
     9.450     -0.009
     9.460     -0.009
     9.470     -0.009
     9.480     -0.010
     9.490     -0.010
     9.500     -0.010
     9.510     -0.010
     9.520     -0.010
     9.530     -0.010
     9.540     -0.010
     9.550     -0.010
     9.560     -0.011
     9.570     -0.011
     9.580     -0.011
     9.590     -0.011
     9.600     -0.011
     9.610     -0.011
     9.620     -0.011
     9.630     -0.011
     9.640     -0.011
     9.650     -0.011
     9.660     -0.011
     9.670     -0.011
     9.680     -0.011
     9.690     -0.011
     9.700     -0.012
     9.710     -0.012
     9.720     -0.012
     9.730     -0.012
     9.740     -0.012
     9.750     -0.012
     9.760     -0.012
     9.770     -0.012
     9.780     -0.012
     9.790     -0.012
     9.800     -0.012
     9.810     -0.012
     9.820     -0.012
     9.830     -0.012
     9.840     -0.012
     9.850     -0.012
     9.860     -0.012
     9.870     -0.012
     9.880     -0.012
     9.890     -0.012
     9.900     -0.013
     9.910     -0.013
     9.920     -0.013
     9.930     -0.013
     9.940     -0.013
     9.950     -0.013
     9.960     -0.013
     9.970     -0.013
     9.980     -0.013
     9.990     -0.013
